92979
83460
77151
559793
37587
890380
1755613
3607321
3592429
4055608
4039342
3647725
4090947
4059068
93670
1325232
6030059
61031
36345
4012658
6850158
6824262
6613830
1323148
6174466
1295048
4138742
4106082
5654199
9569090
6374686
70729
57470
2691879
2676224
52875
7126524
9497240
8637321
6362553
9085817
7603686
3216856
7652365
7758439
9949818
9843145
11656206
7488233
1310181
9603113
9978481
7883909
7726886
2252772
11624417
4341840
8212386
4389883
9437752
14205671
11377439
7763753
11015871
6625939
10640179
14346418
12701776
8589661
4737113
15042411
12749457
14621157
11849133
10328730
17058566
14689693
10339318
12125291
14220848
5334401
15402631
8976708
9920254
16235367
8753721
5478618
10784236
10757858
8775454
17546008
16053846
18415787
16137213
18087569
20670609
11870363
17841035
2024980
720796
10050
831097
22783717
23162266
22554131
23486223
27870
20270230
2061069
18800814
12500173
20189420
6131547
2033890
20422282
19697721
11813967
12288590
23959048
86365
801026
20387419
4863035
8857931
1006862
9362115
18275805
22293399
22506378
6158971
25787899
17288168
22095923
20264922
24378008
23660320
23665013
15821816
16832814
25067187
12561116
23500362
18683490
4082769
25265154
7678880
29494382
7616945
27126033
17349740
9137854
9843435
27003424
27985216
29224481
29280188
28378604
7718846
5788823
29093597
3578039
10905050
25380342
17934426
12986745
33652336
16287157
34184176
35306913
34237742
29021388
34004988
33283616
37092761
33258851
31341508
29889325
32936096
33439701
39340622
24535763
32790045
39133555
33894563
11782395
31903584
31208505
39752291
35523799
37785327
22918124
36419931
36733462
31279323
13839251
24733102
1362761
14947024
13992823
27886576
34233754
34716312
22312963
35889856
36517231
37792040
23581528
33053997
15200713
4065313
6403612
33596009
40302280
40912811
36373231
36592097
43046454
36595851
7625083
42060811
23569161
25649157
42447316
41309673
25753490
41543885
31286475
34237535
29507373
42083053
21911977
39328630
18530452
44739910
38840399
15889481
32658092
41188036
7868450
45090631
26711212
44468588
20380124
45690265
11792889
48411750
31879384
38789767
13905692
23815158
6351786
47905925
20027494
23753605
17707347
43533191
31591534
36079680
51459073
29496558
50969607
52646249
50134794
44227795
21137295
46230159
52096149
6397368
20285362
44271831
47361322
31431922
26138446
33151994
51126215
53633912
17585268
29694363
16044835
49147568
45850811
3866129
14614165
1981692
51548244
31378923
56723813
55122743
14891753
29472029
54723636
52983398
15113251
5200664
30156414
50215690
61878473
3809600
5914566
60715476
61387265
59667737
20045537
32181398
11397298
60788566
55767902
58576261
35159147
63780645
48024309
60824138
7135428
23267939
46358281
57166345
58232547
21731936
20635198
33319840
37779738
47165204
49279400
24656324
55453145
47080949
54312782
20575916
22784670
66545023
59975517
46631404
64737279
54128242
10475755
17069293
21606181
63520043
69958804
37487795
67241669
14778664
69261127
72595818
26695634
51227902
72498137
64960732
62684093
50289003
26608444
9438784
17862513
57452100
42545704
24361907
47792866
37583103
73650702
37508033
22518576
70114210
74834793
76495438
29613950
39369076
60742320
26673078
55785110
72241956
13981320
64673710
52263054
75142758
70128143
74445639
69888739
50012032
14022227
80838336
64735834
80227322
80904902
79998929
77615945
27132853
79774129
75166322
72692199
27295379
28996366
26163516
85964257
47170004
82004118
15557021
53537796
45353562
77914711
77395434
77453303
38524711
51544266
81212569
88278715
86929249
85757506
62471332
2234569
10033224
21627050
44306947
53089050
60000683
86695780
47401148
12939365
84960080
45103427
16106723
35039043
81823483
58789005
70383802
86875529
21579264
32141204
82875670
92623124
90888820
46735561
55097934
89566696
21355493
27239827
95452171
91516396
14913049
87973065
37562615
88939507
93894391
97545112
90538682
91883965
93016008
90813288
94678918
41989061
33661626
98824299
13554790
93143923
63212439
19394629
88529590
61844736
93724188
55955565
3515142
60147846
21409521
95064876
99410893
94436570
87114634
6738847
92286344
95411312
84107132
89937436
89030427
42224919
10585346
16082113
68000752
98680273
60735602
102306071
50277785
100148265
103673575
107108337
7111179
79435190
97729545
38001895
62528798
100992373
67852064
53648451
100321196
21215771
51748116
102404918
35011043
67340181
28612650
73672485
101085599
107055952
86828985
60559186
57409927
4556321
92996961
99778551
44071752
74734716
22668434
30704388
105010895
44068851
109928869
29697785
32026380
34883234
34916712
103769073
111911163
102089481
63703382
107781762
115459895
18808150
44537404
113602723
106230476
41140996
60353127
118342891
119359457
36911906
2328714
105681853
28432499
40627731
2282893
11086281
109963787
30840523
83515635
124140556
104154345
118748071
114998788
40219815
70367666
38387805
119688757
79461418
69646634
66814655
75424353
71358804
24651857
43981329
68855963
128276844
90338125
80215300
133030228
67190157
113697377
76771600
32398267
38351836
24583216
81224653
47895900
122179029
118646051
132134341
77910092
38512248
19269652
43510239
85056535
7149197
126031823
132223006
132894604
76131113
60781184
126824936
79392833
128908100
121256999
93288237
135958211
130910647
87129557
141512465
132177721
129996167
122395134
77336112
139368117
88808829
12368859
135073778
7471646
141417545
66288320
83652678
125281722
66269314
140825112
65332428
84580853
92934255
74466202
27708997
132685849
103492921
145093960
59891685
124079879
143108073
128852232
54543876
150085392
141462687
11971864
84372143
134606717
136965890
30925315
78591140
140117151
140736917
21881610
96764853
21943346
126908638
44754306
134767314
134371926
123309019
127196756
50452619
132112019
140547772
79964034
128189984
152520510
129727564
134269019
11957475
143151294
149842997
145039834
153757241
123124531
90310466
134247869
96262119
141649766
137720901
148235668
91739563
35147332
21407899
70608817
51955371
48772865
124935487
105970706
47883866
156905625
156750901
150214504
159372885
162326636
157460319
112920803
151705019
87328520
75118172
123457614
149709999
56282684
158947911
15374473
67910360
93505581
157414107
148761890
151225637
109883402
141461981
141472792
96614278
134006633
145253192
165142165
160293300
157681266
153522148
113798893
151723471
24994476
21517816
151802311
94280081
58334218
152997593
145124483
168089133
163597418
152418833
140176179
156930429
153135848
159953694
15469577
39472870
58665833
99877440
167146668
151939990
24933214
163313816
152888030
39506083
61308917
166508972
162939153
161903861
109518664
153389943
89218920
22713353
141365827
392694
11360445
137793297
111213063
89018226
157968684
166993774
170037497
94015703
62028819
85449961
100278787
154524158
115637893
147888334
98902001
158646446
25467877
60182604
152602581
133639403
104915903
65731492
173147039
155513545
83759210
157599787
11798449
56724466
158330781
170984973
158319560
101800195
4817388
55434622
172980762
65004960
84805146
159464601
82556381
102343938
151471569
157346636
138562792
166098826
95412598
44239632
28464415
97693159
147926809
33543241
73380142
149844623
3117649
65845070
163736255
167920152
104911357
96537407
186981885
35975325
182526968
187508458
180469099
35959084
114055455
100398727
180354551
100439601
71068271
156203341
176470177
177306242
169580474
28955342
100378168
65832971
97350969
165735983
180314667
154245273
161227223
168892627
168396522
166919408
118827002
117932933
186468092
13710
183034856
68572320
164621311
157446522
25151474
68684362
33112428
173505470
102089512
168469763
80515207
185976885
100024429
98239071
122585086
178764886
197050745
196477016
90283267
19394813
42334230
189086613
196163357
80809724
186403757
109398727
189301520
166664039
170991055
39752255
89161920
88210563
161486409
184032300
36539503
89899338
172191480
97613029
50282456
165348718
185329141
5591087
108409117
160758911
172233392
171703561
97411478
12287119
26679729
55295457
177454135
107793947
161344062
154506652
68538984
127086514
77912
91961005
176325138
127490597
170341318
183848060
206789059
112207611
131882665
167002340
184715610
205524203
188078595
73580039
5645610
104070172
91822842
90569548
162273823
161182608
187534551
179720934
67721708
146345373
177338679
188262225
34511546
186607063
188029038
189320215
186620026
184124707
135663453
74969292
191272413
27875052
196213605
195606320
66685522
97350779
58815295
22994570
191880981
179595257
187126165
175442544
73726927
31437133
176786942
167715231
176358217
143606448
195584187
186100844
127151149
128003774
131444741
138040963
173878670
175312238
200827996
184530895
194853664
197832313
45631008
213716445
185775733
28138865
152489741
80411421
195217500
181794255
52010487
180855913
210180001
33468727
183361938
190905072
74983597
54225675
56791588
13781334
68776898
132831495
36784434
91047440
178332672
134354828
159295024
210341421
78799115
208687911
191919964
123416164
184086687
65796734
203289290
181945569
222066221
174280072
38479857
146428466
138732187
151538889
161255166
123965714
64223316
209839206
172608540
195381366
219600136
211977387
184598660
184746904
204194402
67339967
221298803
133719588
129632484
142933789
118188858
199413368
186223049
223530503
75317911
215495365
184961605
185260221
130452223
176333667
23254191
225340596
226591049
217424287
197721997
38004261
196017716
177616950
215174150
219670409
206917342
82290952
122589805
186914728
64527558
121415453
181837755
206586175
200613378
146676010
185579038
199225100
208113210
207279986
221563394
201275326
218518570
205097039
200908073
189227380
181163384
187457862
228529123
199764999
150430122
222751683
75261014
192825639
37997764
180071764
192085657
123737404
31188005
183995622
122847113
50240043
178057745
203318807
29939778
195772271
39245654
145491464
227331521
154728879
124394927
113705316
224870296
227940870
152673698
184952067
83660494
208089129
216463319
149459685
213342219
135794487
140071601
97189262
79885490
69136207
220167197
215644681
130734953
187027942
185224854
129140123
30516736
4953414
200350807
11743071
65976345
129896162
218736188
83028870
198380785
234230642
247355959
155649350
159302665
172806429
133559478
139809104
236354534
247891383
125761099
199332513
64780377
77999972
234990491
191824375
78596751
96947830
241550230
82990659
140250910
8992688
203940784
160149170
240403167
83522644
27326983
238843113
220286126
175407796
84919512
241920242
246584452
219431323
127767323
64796550
233821422
250818709
207029230
220956301
87356051
216949450
244931174
207091264
75598621
218796836
160100336
136380020
219358144
253168056
250414977
41052940
30074271
249331300
222424867
162530400
144765561
102824348
245410872
225844154
211283254
52660739
247987661
120399919
103548019
74318157
4916527
196977030
91933967
214889111
234487801
241801017
214771534
227277208
97379174
234443585
151577198
157866092
120017730
102591170
43642561
172918130
210985839
239191930
256209630
88073282
250935588
94470170
187842011
163055291
213081033
224742855
142602838
165718880
197202375
222430341
225939441
202682297
13336708
260547460
220095125
214081751
105382676
208173035
87745658
216415574
227158734
113922015
214804803
262606248
190149271
230824040
123469699
230232073
130903594
9710238
62791772
120951228
92331681
209654294
118694861
129398957
217600888
253746599
223830302
261010495
233540978
247233743
74698304
174996940
191520582
143113239
253812290
236244353
102601301
144917388
221372516
238955410
107594664
141234827
88384284
242786601
233846151
247827576
51226812
169357833
219804539
35150468
238174141
141968335
265452356
272386810
51265799
168714994
117542010
83563009
149774274
252860884
150159098
270004921
242970381
224136616
77196934
24150386
277029623
31274524
240280992
253535880
57157143
158874414
50353411
94400115
176330606
189591594
179055706
200086562
155931391
214652172
248134682
79650743
104940610
246851531
160024829
51409583
253203992
251666187
222959812
226919798
283662167
37304678
161131949
233234201
237418644
156658439
147704228
269284263
95891647
120512947
129658939
227442387
278837476
271923383
279040976
149923830
148867338
102498372
127999061
258056435
253995261
83822304
9782301
151390190
239598151
111747318
44080249
259019065
181261271
89022816
284944954
30709408
94903879
108065617
125570457
159392280
178495275
125438664
183825569
259729843
57622026
273078298
102929306
152409541
165514157
263165600
280474250
257891033
265549922
261140517
150323878
65471791
244382335
259410212
259189204
243089879
287575415
239247823
260920245
170456946
191061371
257988905
285356533
249317016
207648231
105263623
164495668
235091304
221384316
117294179
238899876
254083908
236534688
289272392
199555124
39671751
192872757
261883201
168685281
122256980
240813917
241087406
263824721
95960170
136105205
242394642
103615196
275266688
278449380
268704053
169786332
271024291
26599195
170172616
234578049
166217517
103613539
282108084
267036938
214629453
150470821
297858678
252685316
255808835
249559350
179116735
197783224
237943784
287944271
271226013
275319421
160826329
238316025
282125904
59783744
215777402
296937243
270436862
227487638
50080936
270476025
177654425
169933945
8120234
182934276
293413248
26686929
235291934
215149784
66248836
229731304
279814293
267216072
261190623
164472150
300542851
267496876
302778391
119199240
168342932
14941794
191276227
278381374
9901287
186778825
248468901
200534820
303077060
261450764
244443568
222173046
310178802
38623863
232382874
271877399
5911453
183045851
114483942
128816451
115841384
45192000
278156129
108068878
309547204
27989487
260393003
294100055
62615795
59842502
201207529
271517079
27944918
55369933
122722973
313805693
116361859
289214108
213067173
323840273
302455858
24292674
130588208
320831647
42393628
313714115
132344041
108873385
308627937
275364361
209388342
100842915
326735102
280087968
302034231
99681300
120016624
292905579
295474629
295581869
267163724
207755095
63500889
327199599
191554986
287092900
132244098
233668291
309913975
318023343
320654069
300401516
56222927
72262617
54599930
276163720
242383217
192048191
302838121
321403162
171231850
192393550
309290269
66940528
310087058
261496709
279145433
180999489
164502199
113552804
310860310
128682483
291413350
216802521
304603041
292507123
197153856
177801124
330986008
38843142
114852702
296040810
107291651
309911913
84780526
249471154
95191486
47428395
341231499
310318956
129140579
290373883
230694293
299292902
338030601
299292421
52403006
98486898
95233476
159097821
164207909
277986488
344126722
284638647
225829575
270776778
251509150
121824706
34431977
199949662
62125337
158470718
352136257
28550409
289368447
331167465
101465072
356515499
194003694
100366624
336270636
330046276
147392395
216103169
137994167
46154691
10630818
274312169
186777559
324196647
357854911
203738849
356368366
135504228
203645041
39312954
206715409
148944695
258456638
349357696
260042325
323151527
306750688
259053640
301510363
298907089
338384710
190364242
240251821
357730982
98988110
318212129
123714272
154136926
334968336
343778972
348582314
340905443
318103530
339603277
240340462
206399845
126735778
212730644
67001965
266200762
344228876
159415954
322092553
200242392
342962662
137524201
238085896
356644091
168144271
302498848
14949718
240575893
239625933
354174940
18202917
69382042
7354688
58445002
159076580
114314838
358710227
240279572
210920197
203321809
268863547
146882060
330319987
133291085
142557143
344330865
48620856
74025056
382564649
128888422
33850674
215909183
11996042
245930812
333898794
209267322
63644551
151482033
382586630
295565079
99787330
82656572
347929041
64760185
6787879
333832156
323780458
231973953
150707300
204413589
164533158
366689735
134263862
360070773
326519357
177764839
352528846
381924728
374195187
386712522
320346686
124209390
369759379
359389240
141326645
385172559
347154180
320010727
126147700
349790073
340335722
320867369
219081583
100833253
371655172
218335494
199739926
321629774
371606815
112378541
202647898
320684741
381832320
354117214
367730676
272262790
214130245
206641846
129119791
156635495
224525252
252222999
96348472
342605823
175615363
350604040
350112718
323432349
195054080
225606719
348062422
20822965
383344040
373107170
100618621
392710024
290735738
119373215
121811626
350113922
256274214
359222639
382135777
346333695
339108827
333068298
359493173
133749820
388012741
226612956
92877188
132841682
354349469
380780382
110444168
348702792
24104692
176616645
16817443
250237747
355894528
365233666
173821568
204002553
86545995
260014736
325783667
239127402
220142259
277895142
220098094
384856430
96590483
138710053
302711698
403101346
30924175
381902872
351195003
404054682
341166160
10514804
397379695
187241270
348352105
395852318
182609910
22142061
309884456
126631330
379138328
16788614
153932847
140339892
343151613
157331204
143217683
256006818
141285374
162483011
321258686
367267777
206127941
126725937
375206579
327679355
356889565
132247717
374964853
299120023
381256266
392028166
14705371
364902595
222387812
357237623
202092048
86845417
141222412
102290256
85281535
320022771
377702106
356544065
375276362
410576459
225920650
67371837
335330742
98200060
304811858
385122093
31790621
316508989
208115874
199542667
359404395
193657000
380158671
288527957
131420436
424875049
231936233
235404266
409024473
263132599
384345034
402512480
382181754
157041182
278392269
80750651
334289473
400285002
269111280
383832559
216843435
141011902
68218401
15540507
171489620
47847018
310840678
363662257
37477673
395989507
325987830
397804010
321708375
81072991
232308450
140360065
354367122
356470866
393314948
417024631
392506881
94129428
368676513
401616387
400217899
267711370
391208087
411099271
232244561
60651823
117104110
175406113
213097879
428994266
268647414
417112229
347155067
139361994
400541175
413304812
156998802
211048128
408226765
369833057
380591400
94866402
413788102
203215580
190508552
422788770
245715804
311929562
205677886
423121553
168503201
377349389
377759551
130550268
191341264
382067276
425391254
333899834
424886766
334914181
1353958
334463320
422140284
374402935
354867578
83049559
386072357
429022335
428258758
357091275
170857051
138706259
352645711
399265927
423471834
240585108
406712691
277641277
94204261
386994062
429148604
77589263
229826275
321274348
392543325
427285055
190637885
7254212
381473553
309616545
367186596
367618795
336780789
284754838
395417491
442544857
392476980
208319410
243070639
107962264
337033969
429817512
432109253
419747815
314808129
376538881
402031442
358397140
445779376
424561700
134439759
370135973
247202402
405684207
272025970
61403413
4895195
79448449
36362719
88619525
361821865
101680903
386515542
442558512
266335521
76510478
113496897
283676782
396664862
132695382
383322633
399721432
202290501
393786203
288853793
441408655
155876232
390549100
259350824
398244053
131714735
42155518
124157942
157498338
157767897
252928772
177899368
187867416
421089363
339269602
243210231
145208509
59423335
347234313
144121150
121201700
447580437
319554365
141900279
414958532
267551308
451232693
420108078
436615745
252620158
314990431
427520814
17175857
459325700
436280376
439928283
390927836
456330743
399870794
302264197
407510456
413655152
69553125
82817059
20595295
451619459
310889913
29218955
207418925
353139944
397659828
375667309
413364198
335820440
382548402
322726639
332068552
164129833
435005902
75444590
453325363
57084942
435204070
473089459
56762297
383954853
404765848
259924166
176895498
46203733
234201383
333211044
110699936
22963531
360674125
411325009
446640834
159449038
180054733
278126877
264019800
283444150
452503976
455728439
324480480
374107794
348212274
312207524
415944086
441594865
420863756
160528249
398154666
480501679
117295125
412352528
346180867
455634747
271603062
193900937
375117419
27493369
468156861
209757778
153436423
473327873
349061275
153091718
425287561
366045790
433479810
78727666
442599341
364513362
474740468
303349537
344516914
410622986
280291864
310332204
253775685
13543947
366604573
376031497
480315731
347436117
455481364
347361340
442999785
315412092
404174396
6488822
93098332
96615217
408313448
431583403
171739442
27045503
481813193
205667455
467602729
390037914
306506177
384834808
212091810
159206523
210124662
472656491
410918476
418942068
463501247
485511097
436530247
464031498
461660068
179824094
361411474
88471608
391857408
438201190
70870432
439024582
451836381
428028607
137410717
67260177
451821129
315719244
428892936
307001838
435893382
459243495
147134607
463968159
496457476
399233768
499793648
251960141
397322116
39210658
131720301
498553937
414231908
334636354
445690234
493194277
306751356
371639043
294419844
449928762
384464083
254586405
7132518
172933745
439495123
280075780
472001844
496910598
266653264
162514810
475794473
489706517
502145797
268788228
65464281
473787043
387741008
360436970
484689151
477147419
317217940
154392552
47169881
448085369
168510456
416956225
510183426
398718100
162145786
436631194
406712925
501964793
11607261
148196607
132464669
327951643
503908329
477621000
265786681
475876524
504417805
505870752
459765175
222119251
506507925
500862233
92606872
402931857
455029287
521343432
316921100
452894258
461437266
285591526
519250791
283088899
78322483
308341766
455691237
345773719
407658472
486059448
89852445
465777612
487035318
476178500
34596833
462263231
99573384
274046363
521784923
505051608
489450110
433617304
403819997
298763622
468035346
706917
256794069
133899848
518264374
524417286
215277179
409306583
505350552
374347903
489749616
463131033
201212424
255164106
344059048
490942704
461682738
220199595
252634113
152573980
61403989
488683599
313796270
525822992
315293227
184199845
492184693
311504194
484769132
389547593
529002173
401212912
333036028
419792675
181781907
381349392
290472058
330595798
526151100
316894196
448285488
526544218
470525554
318409285
533065077
507438315
95108912
62027584
300534957
535639663
99016934
528760978
480108174
394413403
519399805
477578144
50134294
470482145
476492338
191883389
534633027
478319743
462488478
536421717
470078671
406954360
479690452
507102520
440850190
42082234
156925593
74944741
486183103
73201737
316758683
421030347
307494079
368399508
311341173
491845736
278152047
460361712
184067191
432106065
513690718
445529578
459784117
303885365
428178781
538490095
174417531
233844427
11261852
393670561
157464345
541227953
325794691
522580871
524090720
346259954
515396810
446368537
228102642
390532188
406572100
36508107
33498024
550396465
380482021
409237933
305778022
415240353
502387197
509064616
490322277
169809441
475402330
100588924
339568252
102279767
59659519
484534599
545055275
520585460
506183335
188626696
221459899
505861725
275858756
488307264
558167667
549655885
228410465
432200831
301165819
399028737
524443788
534574113
501698956
526573194
558781698
504408388
454347899
257176613
196088920
407607758
558699516
522352233
67095673
525062504
104565392
475249644
416273280
203936680
327601783
404700997
378389499
554305877
156458811
468069310
423749814
555743080
224665167
524729967
468216214
525335120
159896175
304321325
514705579
233215230
558735259
444521570
256353825
21755823
414134735
443805796
255683917
34253101
7855991
496042032
558742629
499693285
9037044
445932301
363284021
81315643
541980889
313423674
84766780
254693585
300876245
431135953
462212165
322683855
533409809
363003025
573196143
430280916
400844834
372052511
520637121
281623126
401274951
479996387
384015065
572972080
170743123
7886110
67203866
481802255
328481957
399965427
539403924
503978645
370171384
544481930
80626696
91422117
267415372
179892456
506803230
538526542
439337013
193763558
55677405
367266371
502315499
4992327
508543225
163058499
356423600
581252854
475090455
519354268
496683922
466394682
285232437
515006417
576082514
574072239
584954701
347524563
592237458
260536157
542517857
296378303
470359703
520951984
426419406
553936840
522695147
174481143
506125726
435818357
176632928
59418427
364847457
326497666
408179044
191394574
391781307
594343092
416606978
96218190
183623863
591445337
437397086
525622293
428544331
330981726
94526656
521382584
302335829
221934390
600937445
509388973
289501971
140974378
139349881
600923808
329462140
431894613
146679884
579806775
558712706
599380034
290444161
20310423
511539350
198352417
61017752
400998337
550486663
316293601
248113467
566180610
327476738
309172908
340187967
599774193
259777650
463362717
551398618
447954248
325694626
556120906
97744834
606931436
425609871
515430311
551132515
187273258
481095003
415412510
425922933
517915274
5333855
493568158
603815224
585258482
401424621
457145155
219168037
537510200
569430739
467121248
549072536
569587999
602050877
432903001
423398433
613082060
527519384
604433797
35331285
560790729
107147241
605867279
486882809
190168097
402269562
405424034
469976724
562094537
538704979
26132994
468749392
573388662
359353177
550379338
222024227
255572328
278961841
556819088
487402634
394106840
357066472
13631049
403472867
611511868
191651909
26139422
196259191
281813202
574684188
380029485
582710389
407738488
285303008
193336867
620742591
433460791
158110133
596140861
366407738
593651963
22663856
219479952
298946263
437534397
618106436
538196420
595740886
615597273
581692922
608391491
538750939
344861852
112266289
561161826
595338553
419039376
274908340
532118294
134761672
67528664
539266858
128005422
40328087
198496185
551729068
575869704
335094582
614287293
620045153
238025573
370122025
347990154
122867737
619668571
499909533
625618637
551837881
591746272
69707766
540828530
476350510
612337790
364597379
341535125
602251397
603648430
624040452
499392102
456650479
58234663
583818112
621911790
597190208
535003047
389570777
356589156
584010450
614726659
73544367
512403267
612810739
394802040
533251073
314780829
395581102
166086988
348645328
304005346
443296619
549769728
71089502
601971675
612129558
594687637
459015648
255260337
598835530
634887781
617172801
522884972
550625682
628261952
387458399
602379803
468459366
399546280
416500420
536193936
391742540
522075608
426765412
58288054
29437677
212817431
627801694
262089094
202303601
500361769
129449424
517304952
615800347
451585705
628182882
552195970
269109233
638534641
41328413
594211697
411548566
375156415
518931011
577422354
487782707
630693494
636320002
521525228
461958955
158885987
444262921
376350135
580636732
605279203
435980508
554546186
494910526
554633584
553057488
439740965
649685841
558096608
358392088
619488974
463527841
115070275
137272308
611080440
590004800
53523930
558698403
556820139
590718916
503792188
270703044
496917026
571411639
530916713
527630447
606165253
627218940
79919245
492092185
145422348
556675362
404386165
401173169
246884854
340284056
45991412
350052548
215519434
507840896
345830575
605697243
620796140
568557437
380910379
605779642
598235171
581748016
305099733
317326658
649816511
142947208
465001031
643768050
436799612
653866607
174600128
578029224
477769254
101690380
274064059
429182488
477357394
581246486
612908765
649125763
192678324
528838743
89013466
514427099
3180901
303387665
367933457
345571354
433083440
464649189
324212147
465285795
78782506
226968793
392808166
452591557
616795502
284172893
454094509
320999361
589462865
390401033
629593519
568755195
540700941
552494387
556638471
641524718
292148266
642625196
137990998
392211978
267740387
129560910
644213391
531596156
489675088
670340665
503197967
575680331
589488350
634112401
592683907
518195414
634321608
169202219
614378634
289575249
673219515
673871271
503331938
670725806
674667126
665352134
133750482
284265803
588728923
590191477
589735108
334700802
615660034
669538996
528337061
169421795
680806046
509597500
604039147
440094956
540491578
605428811
213727092
593862299
222647407
675835128
175172447
675360592
183046715
672082124
675528870
571928149
681997850
584320679
671409572
576399865
652552166
625127620
10145013
412682856
355740269
681116065
550836093
583277312
493642965
668730942
373485852
684002434
74870608
425805428
652437942
14229822
637445590
549771137
145829454
260533365
64878597
601439522
217657622
502350173
162909427
527812423
248488651
675335312
124667554
510708377
45699047
631888487
453851982
57110057
416312733
384788221
430750613
336778216
125961113
682585030
293598034
223196833
431094366
496746863
612017269
629240828
103401389
241770752
203385205
258522733
35729718
425983523
609135938
543824004
672954368
207419489
448223058
536017724
477614817
645938431
462188615
613310587
208873772
611689223
643040794
642823623
665735896
649269341
500523952
3191375
389161112
616942179
665927527
240090820
688555485
216727008
565438101
479515774
4312837
262994542
582398734
541902921
617133211
510586589
246010892
608829902
434110954
573993950
691436187
209589358
651527417
593130294
648362754
150146322
533301396
330361235
195175670
40105162
34262622
672640422
455480768
306975693
674231677
390837342
663463393
625611958
672299806
619688782
552925839
273755130
122864607
686950954
678018444
592605749
610725769
597350553
363219547
346078195
637601958
625635450
205857619
704862867
389650998
493878737
276915865
597846012
58148611
298648753
627732093
349616956
625916364
501472580
236518863
412320209
502006019
686066345
618339926
1842672
637314408
598356670
626436324
674488656
583329400
620634851
636343218
637108346
374094240
135301326
435393161
619793389
656128245
404347991
19232260
112105427
131253808
444677819
3245015
578612089
467881870
675514800
462238453
693604137
422297439
230290944
607299625
641841997
81958401
627048565
718603273
67495757
679637696
87746207
625790930
232158995
441724889
156606422
626957945
539221483
710091966
220992506
393374648
446917831
245544515
607548093
638340049
425847078
598203876
720664544
153410203
662594505
489674320
315374681
631634112
715041462
580108298
641231819
225345895
316946437
631278525
240538906
93844164
666081317
662309730
100273029
57888176
528395208
73824340
633369027
614239756
527967710
163411185
403295098
443821550
643075064
592053571
651450003
475306988
451445183
306036206
507128095
646178733
151726582
683840981
368554314
709239762
646261296
606014026
647729392
534232494
651295407
443668214
551692066
138019129
535815547
675260111
704195669
252302428
575684396
127216322
683734491
724824025
165995489
695175292
261768327
583109605
680611747
669031617
312118925
390767979
676701589
539398799
651855479
513883861
498574912
325040958
729082906
364070924
555125430
730239841
719540505
642052251
474164009
571977615
728318139
443545233
553380526
528759230
582204394
91312277
484097412
631467883
109209813
289568342
590497438
117489474
563958035
579953417
8486288
150721852
424731408
660613243
123289598
418795255
471207015
554169661
77434976
518492094
305498824
683115723
397815502
413181057
252737923
468455099
424322532
388750775
502998171
629258306
514380194
710715284
450287738
548658959
487120090
35726786
348735686
705908757
264738031
472848146
733570651
431837716
545134269
583367452
740600439
596119323
519408108
724523514
611155165
604720657
672426765
681807134
595407336
47669725
523559389
585415208
660558390
194750986
524123378
494861375
268817406
734648252
238152493
716271929
165721621
517003122
651041155
647450255
650511774
588916117
387676188
512961525
665815871
503299660
666122892
29609618
711289861
699804340
382137492
609321593
662423758
496832114
520073559
723805629
413464968
439746759
589591137
743436562
364047896
571063725
389717345
525718827
253342546
736686179
747471476
514032936
443461027
694684792
318985235
645561692
695997853
214195082
126160580
738136257
604864308
603027585
741812838
292234740
632059517
676099051
484395953
293366762
426101923
758409173
591411790
473858534
695843322
459554708
500960893
665197473
751800381
514547084
571907249
498930303
656171929
721263499
432132498
738388352
450193637
225316032
302617922
756459113
24200756
513361906
326096608
41887036
696353916
577134422
35300671
137076801
611462943
674210618
558026397
752413265
693163024
674787518
703558072
759009157
599967845
698157318
455798992
760158646
370968952
719450944
136004151
544874690
760253194
700428977
248924904
89210246
701391951
748847476
758743167
243648817
750447323
232682687
655588255
678539871
555686180
227697772
677739786
647845451
498419746
671182445
456770764
762820787
712834666
766432454
712933497
166083890
22343545
581523717
380383750
670105374
234926180
562976047
311267831
605599461
338878616
622746538
764369849
543837831
310857987
770360920
581732940
231605032
622086204
772166015
718360210
481162611
460597969
776751110
384341970
121225595
766314703
619030429
122006716
470926752
689535508
364280820
775654830
291093948
404781320
663406915
367202280
295272687
457388407
740331049
781567567
677333632
579745909
788819707
777548129
719604202
755523040
383322216
13137806
474953272
75474171
506171288
726940950
574514755
571658616
519126011
667484696
782773318
249868437
615048512
754795494
549831410
380961387
647095082
619253919
518875583
389054853
562258272
776470189
689368060
348011916
365740526
790832906
57248038
121343935
641203782
792039280
433015811
699589403
504434996
791135375
426796660
704054236
633650140
732508199
362006894
802468451
642129398
628554516
392449475
788530591
638864180
335622062
438509963
489510055
792681768
699150221
483976709
647471849
543644946
795808821
31678304
15986906
732361728
189226653
778814256
581248358
577343589
389033546
582278675
94853598
53278549
751384523
284336220
443764594
527096121
546356901
229036833
641866777
712996360
673661287
724570881
77197319
666160433
694310580
638791305
455432370
397893247
715815655
537840435
611369574
782475272
732317909
754063362
722395377
231272990
708030374
336494472
561069115
343133266
583108528
742227739
573786706
755435292
799610693
802845607
539897708
498161633
139374084
799400543
130334513
611929513
630027644
638856764
575715994
744323698
500955561
542634290
83678859
549167312
736965490
439930063
440327700
10625724
630239876
235146679
65350581
190941517
746225791
543903569
537256160
384170627
761844109
318974988
237286004
789756432
345686129
602083272
651486245
485777476
664589914
688041486
334409785
448705834
315215960
125270727
180960405
624930522
817182088
740448671
338403169
334508498
825478528
816223658
668938641
293359882
741994444
572565529
759995100
627442299
497527772
741962413
478677997
608713601
683170458
715386683
729112432
791492450
673759402
824070349
340800253
668520345
783419057
823999104
269834592
43998747
665995449
716559355
826185394
620460655
810478060
345279148
556810312
494718685
595071472
96305893
561041892
292510009
625202119
827939400
446576522
737773082
13818253
517645095
616179508
757450180
774656374
273818275
777009922
319129771
515896468
421627688
460549364
524126058
451271004
197249233
830874455
669636794
775017768
824638133
746516730
77965346
503129049
497780206
829976345
321834002
827235401
281541298
815800086
755979227
451275041
559407291
12355735
829936222
177973313
363775790
769427369
709069114
458097043
730808786
802997915
772679153
54769157
221964856
309154064
692529793
827516786
613388700
759963343
454781574
716093343
835313575
838611695
454613945
465814965
525966180
685169093
351065364
590026893
445821204
749542777
219173714
491541687
322243618
533820940
529756390
720768117
283235907
324891560
803445212
738095141
724092887
681106676
630328845
411698619
391183785
793005541
804707526
845846509
105582576
741695204
455432886
284584824
703391877
373717818
368096020
789445228
725676804
512389798
559279690
726985846
827600739
749788366
332498067
584373013
335770634
865590818
604365514
646890019
855584874
847453316
625375991
19135927
792765111
861472690
851150526
836388708
851401487
108516593
678840044
756711694
558825524
675567331
546648752
792666897
331881909
221696571
681086024
283471352
272208246
117336636
287935500
831063085
513195588
345373453
525660490
853051648
642864470
769713050
111371472
578593946
256113018
771466327
226038819
66879710
665903705
869323142
121399358
426071443
801845130
857852254
753329161
752190743
280769789
776337338
874552497
211478846
427254090
470176974
137395005
644921380
284284065
498035068
799604448
660231959
562944725
251206407
517059936
839576723
181076017
288632542
607653751
751584448
871443969
859665262
742346502
257857445
127697434
72788463
864913574
57470716
813274892
626786153
496054808
650056547
860270152
518638529
589018593
836116760
476274558
348649411
440126681
388409698
500219538
716397362
801673958
636672825
684703730
157457798
730168076
696530907
346388023
377445650
574617172
477268333
795343083
264055491
600369920
114635708
812531064
399198416
710302099
451395424
230553546
874421931
749614796
812992526
807853207
219940518
765284355
795456770
573486861
227748386
883820939
801281793
584147630
540436300
783520945
769409794
286454978
283058638
616907618
188784579
177665755
721341422
819552666
854683062
684789856
435716985
869555112
339095459
853273902
254324916
743308803
317211957
719079425
804258495
736908271
811635849
726282648
222810548
290406225
639583158
875869258
96717400
487523524
528176080
830235032
504549992
844629384
98633473
880355129
696049728
773491440
876356170
276681731
795358566
527615627
753002276
806056280
51584405
245322724
710802092
404454844
121005259
743318872
335549557
678848235
831957664
835675238
438266063
897823786
372269932
622208818
754991492
492859633
820549794
192025590
835881700
490357026
876493012
705855369
506319395
659176819
247976502
881722194
785229037
455572169
502572556
816844581
282234855
777155012
784362284
69638890
378654297
607502463
460306539
635862282
606238000
666860440
724001482
462114710
279977353
634489972
510807124
675330469
893016194
846371677
821354474
817128602
904551194
798192301
701553490
823116542
61544733
591038931
146492166
442642203
570200508
684307499
837756855
745282788
286811874
761501204
803703188
803610600
299408477
818148651
533513730
319355531
810395729
648888618
851218514
894341240
191292583
585371076
813625566
875005735
823910515
821181953
752674673
696274700
862405893
667019304
562114611
365275265
808149637
313072047
872754646
610209890
435698105
858120520
67675870
787965721
732168828
612722772
897152903
909255773
845402893
460831140
244573247
804708217
862338703
750091480
788430501
874664242
394547768
404526793
123674199
539935739
846601555
818810250
355980631
143097935
876231799
782545214
250122222
777566621
799797336
747373512
905243042
558098327
297865171
517250159
371180718
647054642
133547010
337589430
785579512
435703831
824638400
550476240
540310937
204000521
252364902
722666802
886985085
815808725
350763298
251832866
709407689
325282426
467625131
815427525
642461968
724869549
873390604
669844234
135803055
466927273
697578666
774540850
852179417
776386259
901867350
883692061
543294137
475718158
907146783
330510387
465991184
444485488
744654121
443785101
865327627
781200422
678154968
450349644
660919598
296658371
861305599
857146978
588437004
867217131
836609376
880748641
68870145
809455963
648056511
824125544
910371725
920892888
820021383
733286882
804394302
734866274
309942555
298682626
915806094
930493792
169747251
216677024
789073869
922916057
911783096
72889316
710662344
490476366
903251549
689514104
141289540
658618110
917506090
264178901
904892388
202585225
902961110
779765655
751852416
778813261
751540011
779973824
597014096
812329240
770325349
920616636
839971367
260783683
562173446
299671337
922557631
655125955
671743055
753950379
933334302
617771307
463682579
58183536
559330104
239692565
870994443
669246462
574134096
276085095
715830022
860274941
751350156
397080828
624432606
526680751
828244292
469318381
799595
898254955
558277956
874829837
884799906
707007406
774019948
793000290
486466461
417519608
743641375
746151108
191456543
539219990
913619311
786608358
356554688
684257976
877128328
589323326
849072688
875902987
514556225
839627526
645031504
783794005
896243648
48962673
590958847
879175397
154309987
596350884
871535647
895330013
908888741
521417775
883360022
676091247
769334267
543822355
732809071
412491253
949159769
793958714
866865023
615131425
881959994
833847600
221660962
931460599
521015625
804750469
861650569
273579376
765300672
153957437
940443182
596787087
802861307
882093267
894169824
732375199
907850418
545886792
805374118
723558639
429482848
798482559
584637617
936802112
761198142
633054991
760473068
368811379
45459281
944949302
944725467
163623806
950971261
49445990
578811661
838101187
886746743
930510706
261660121
962140823
592585614
193711927
959289287
860952330
622033403
938982051
931256208
709220173
307312147
949297808
43870402
401842126
839552552
286644425
210135836
489374716
502237691
179353982
166996326
659139669
414326601
749490281
845268799
388247929
867993848
941616973
853029126
943165566
682565414
628849251
526897035
880714920
551168198
942447101
720738494
821903239
44836849
523346915
670874485
575283600
697626960
308258297
405316603
349746390
868729838
966325832
646436839
59951762
182280252
899292413
936663299
168171648
54573828
458791807
664214535
969170158
749046857
463261218
136450846
719071447
500416237
849273554
484958759
431695377
965578444
650936280
890906165
828125452
795433579
310981523
10917703
123212382
967675411
815652773
260897969
951247437
975079668
210414072
277025517
486474965
953616580
977609011
762291033
874950474
896591264
706420781
848480326
943485873
614070896
383824838
653924054
887009736
181991392
193583667
820019114
944177465
680847560
791633078
221293675
840517198
977634907
691097499
974197211
183586695
789144350
630634936
985814496
590107283
946578473
532518645
976044117
731538211
315371437
914016962
785833265
946865449
379999917
254193485
876849389
50807558
693558303
301316030
983251518
941837698
901725825
976927430
727870757
898590795
334329225
786442660
37482246
880230633
465688232
729458328
452883728
292448783
483527630
595877534
147020866
653194321
853995708
709185474
566457912
484595596
731212118
355459520
403377640
528886726
567617340
915733094
519218111
320908139
908542399
714312620
938193967
292769614
890275753
913251472
998781630
546967816
532696378
677952830
992142288
936058813
966718627
748001154
800299496
828140889
993044632
663918421
512581704
490718667
873819209
957580106
48319920
888894214
993006939
69014320
615870656
638275850
187777047
120762208
820862065
490241006
850367795
969032072
1000682273
134004158
420485896
272144800
959937039
189553779
808912111
893188426
602091797
116625087
674707701
135480245
960148937
19835085
921114975
870647920
680959401
731968263
639609715
483787568
804196148
1006958876
80596417
898950057
1001284272
907840218
913901925
999434815
731534733
737021220
910965666
965542571
997974639
355655996
1018936958
852591448
72316526
850308730
390475136
274647553
320169079
602902448
777694463
569779702
887856410
1013024867
894074372
346891008
438063749
470187403
861040071
1006249883
333917326
930028781
567676265
492683475
1010089183
913570705
334229795
1018735357
863549911
943519260
1000918567
124338840
509912196
999976775
943249588
121077582
818032469
878653229
613196872
1025049339
359124301
853499736
1020095707
727633340
450059104
975388376
628537966
1012323574
174219067
944525521
346284622
307224702
1007924510
920844897
796880127
996496250
858276499
744322392
809528900
928916899
725414744
171607383
376178533
311169328
284212939
383243264
926600375
811288383
539449655
906183565
1016654116
755867453
368898533
884689621
867745356
6652711
928922991
129925422
925753467
89690079
871527775
646728151
1018965450
886203957
300142825
178405471
870678982
618873592
418367270
297009924
263352459
1017231628
727361463
625395573
920723763
117418582
942633439
1031409804
260393186
140447650
1005837261
709806712
1002415436
885969485
382831502
780854053
1036897147
1030286069
883897672
327413963
854567899
672979248
921773536
417803422
947705982
928974552
487966486
570118900
564583092
984951046
666075962
720325710
946781271
545038240
834253011
450947312
829961392
296772046
811570662
1033912857
846481818
521484039
260292496
640364023
1046492775
915741694
1026009179
922446491
505803467
604336683
876840427
424262980
196542311
884503572
1023003473
849079181
539710224
922906263
4477508
1028783759
620435355
648465057
1039886052
902190714
540754173
1034120519
1033773052
1045071711
910048304
440198619
313881177
184120536
673070413
918954719
916500469
789940911
929517337
408771088
439327919
1029320273
1051331545
97022134
252252961
334133321
955987680
797956671
984262429
920720791
779447879
953135384
722509856
911266511
772429752
151185329
771663391
988752704
359966830
858870784
833293482
460270841
1043975563
220899773
758045057
748961907
248793324
27132768
897164770
950134659
471298207
1025117802
999507560
941162545
956797267
1025628420
949609155
937775409
665279104
719223715
943819799
915701259
469515922
960504283
849497690
932534821
1009236130
981937245
983176026
514037647
1051905417
311892375
1066036053
560287504
165474560
1045772843
853462712
505955211
999226728
974230601
705612132
335769983
1042440887
185667885
605240470
782949811
446632807
840780983
170230715
871562626
713784665
1058227847
1064990347
880890233
582015764
636517740
1068003306
981588883
888655760
503020679
280414583
645358407
610564031
577008091
568841310
843061796
601957516
709316595
876098011
928321965
841474131
232374457
639341434
379552087
39051551
812056251
809627697
980681099
1056141701
876864596
875332009
1072169961
748430841
1067537451
661574079
462374044
965839553
683411125
618326999
995037315
817485979
773615300
679122217
321520103
1027391981
363787815
147882712
994781129
136941669
966978573
793369522
1078708172
925363152
822708260
515621475
116753023
812165245
923261044
1052508887
944138734
572211165
1082498416
653166433
510624377
685312584
994919240
882997443
206546110
400774687
721188231
590782009
1071848569
179906870
166667487
812588173
459238506
1040994591
388012830
259231058
938840243
684396034
851760844
118373573
94910963
75371589
494955983
1055459473
986969352
1087816330
377808714
298272091
955334565
765748758
407659532
891522111
319921641
88378893
167155373
65200895
866054417
945253345
402708320
1004833972
848454821
213561511
1002780955
340002080
649027119
832078778
620026788
1033017185
532666307
766553329
479777013
986624619
490579506
991364905
1021398979
1055807047
757478206
1030076678
1106523608
781554006
590776355
1083906570
379887448
1070139630
941484342
455878729
823608737
898705994
950564162
887153208
1073379969
933582566
740736525
814689546
621745735
205504933
1097163670
1019350409
201290968
665703599
289734080
1057994943
685166623
304608945
1092407481
1063517121
715237621
817685326
631195442
350475281
671646865
378967481
749105729
943810003
1116552546
399296508
901332188
1006940612
994379441
628303366
183972567
342270470
296240108
1070664227
246655876
600496212
574314935
965626975
791613872
390964819
1106207142
1059738227
958320273
763536550
212736055
888120702
429906199
640986690
729325543
999581462
516118703
973130768
282864713
33451640
299917660
669640721
433156030
384261809
567740897
1133694554
444533545
439701498
714158600
1086728624
393559454
708951223
1135824551
473762553
71090108
774143619
477487087
606677223
997357474
996399404
665148937
649699565
1115846939
760642796
1132588779
1116745220
836618514
966695500
1084892484
1105288528
848155558
539132494
273111776
903912046
680840338
1129864239
712516627
322387194
395839393
1154378472
1048136588
295079279
82873453
986999670
803926632
1100012807
1027826864
1037783177
1145910940
532170917
677143483
1127697415
50282614
1090133855
350421817
508242870
614198496
729144908
553774284
581156783
1033075173
1085580681
761840111
30363281
563374555
465732485
335625519
786452100
1057960811
991240270
121267259
124172891
1149372347
444473220
952603689
1041124813
945022649
1158184564
1150873844
1159191489
846171559
1148742678
497518851
1035966270
464807774
78883136
803054476
666032753
355856089
1146582340
396260815
347023945
1131475974
416946368
1151841025
506705113
1096891830
531501742
1119369111
580802632
1051040956
1131654483
136776324
336871412
344161911
1165213970
1140773676
858949042
988534655
745365508
170918116
874066215
970546072
214900804
95362580
1064542135
176924665
1056008681
484473709
409274453
892632105
973384242
420994033
927900105
1153280820
450978621
723493738
466942068
810687206
518393429
1158460756
723558043
1008421893
175858099
18929119
215593845
110085808
1042630166
388623266
990453096
629855421
1172115972
500953523
564507235
885404540
730147213
1068168895
996903513
6021275
996719680
933766882
1053430360
1152558803
1039020821
1109570192
977415483
1089729986
883309139
587682353
775825494
1158149852
1155345738
516888504
866664108
684158216
1067378571
1040171590
933548770
1019708508
865056657
908817413
1041942930
391089393
35170706
1160967466
1082355240
1172517937
81425910
1135371170
180774442
1036068558
1160963922
807642095
356076336
1148063268
1002763555
623079683
889388681
306801495
307265998
408205415
738065741
127432178
1019353996
1067859616
517555900
673146371
1182655545
774754816
261097016
921293702
929282247
85712353
657939101
1079593418
892257703
117583212
71281626
992021390
655971725
1076100252
1189796665
1128453299
157080292
60742900
170535130
602625640
597341530
1160746034
1053705150
1172167584
1066434345
560063578
752735191
176359324
1170456086
1171606494
998605802
519441374
464858408
1124548126
310866414
328825708
845182937
1020382252
1187927333
180633749
679910228
910480159
849591695
761343540
270079707
1182424446
481633381
1073581057
1180208460
432507681
963108188
785981943
1163927257
525929773
314894134
743656491
1174801762
291723435
308235687
1055046400
908790775
999216899
952604592
1130041425
1078426079
809937258
466051688
1172240090
810529589
1034597359
1183162865
1091616941
1168945027
1137937811
774839351
306908893
1014923047
916464294
634701591
595205325
951304761
472980553
868132732
692045802
613294839
193225062
1108622181
1195145832
1185930895
841275106
888417473
904827291
1009106252
1021982978
440448327
167289427
1177003423
691155931
822195830
1003778577
1063050884
107808607
75689857
986219535
46745758
1073708885
1169362791
1204095074
855733387
1190532624
865153433
809907611
840133350
1000679444
915384604
1187616213
796656394
1161223395
206129115
740809356
847020187
603846132
508571208
327753364
547185176
285723316
669994159
1189847233
302043453
1075597979
542885406
655584483
1095058601
1034424661
403285447
1084379970
846588627
455862042
373867342
1210404007
892501761
1091504990
1192657444
1124611920
499343341
1194987176
536715547
1047155045
1100057063
419089410
959414211
797526651
133708642
1171529916
1197965836
960383450
226928757
209881852
189162435
898912120
769172822
571193646
873729367
944085331
153444501
1089764353
1171331530
82568363
979052618
898876269
1099163432
717460834
1177888579
44773407
464840949
163360012
1114207896
289309731
327050150
982925680
1035327269
862975348
1148863145
542332680
800690639
1088615540
425883859
1207936013
1195991278
903151074
670462645
1037963209
1206143964
1082408690
377351291
560851922
1229805281
1110596834
998542942
1027201056
1106636621
1106970010
309943966
981821896
924291933
677057034
1164529775
118434542
909735643
110186647
215064588
380026207
747731089
1104701018
748679972
526323104
1121016050
675433014
1040573341
721753993
1118941161
273657691
1086177805
1183999342
473343347
1216854762
1208232981
1056162485
669431096
1236707266
1186861452
1219361875
1205315382
347840148
1043434352
1116619731
967237920
488724560
1067086527
1165897172
1064120639
534353532
1136014966
772641369
807952925
1233030285
1226403040
1083198463
316037807
1178270124
885413222
607601949
1174367519
1133814827
334797098
1177035643
1036474541
1234616534
701621177
1214441355
1080100384
996420825
716196075
718929922
1135699192
606992031
621921810
1143173276
701767706
1079102968
378268777
409677585
432967692
849424859
700956822
649537615
1027711627
1197258883
706490069
519857096
1235893306
594433149
835938278
1199008162
700937995
494058383
151776647
1072396414
387047328
1136209000
696324486
436430646
1199602063
735728293
992943267
1240579984
640864414
1229952631
1232609425
938171178
1141024991
1221291012
1246040033
737795111
635646759
224523104
1017060278
1076640861
1159064818
1042904070
1239920787
479716720
1238935198
1240431795
1156129889
936780569
709942099
504119679
897601838
1264545704
617195179
1258596039
204317989
1240926947
806823025
1051147862
1127116440
653144647
1210903123
719088334
1271199437
1220595983
1218902193
1088859232
372521186
696373204
49267017
409373070
1009770665
1064137370
433695600
1263709964
1145626822
1197814242
922637087
1271259663
1072982905
389513471
562746282
1161637113
412762026
812712160
400576260
634325080
578059917
1266449916
986547688
528359368
587023391
1104162877
628568062
1217485816
1025997951
522376671
1230985751
906997342
902755082
1028374819
878397545
988192820
995056703
1281274903
978898725
857956590
1117847623
1139620382
267807779
926762162
395106540
1002338733
1145303335
382921435
1140322236
224516875
586335042
836039205
1106710723
765613905
158426714
1259142026
1270078410
814289655
680451818
676905939
494493712
483873533
1091132568
299215945
991055171
1136300977
1218494840
1270071897
1197150888
1173993969
896829703
91733964
1177681397
111935548
416238021
435781914
1172679527
174512958
482129540
1055356468
1243988935
631966493
899074679
1274362149
1141107694
410482817
548449760
776743651
623822610
1160042266
771598612
714528093
197819093
1278455616
123313788
997511399
1230610803
316104656
560514784
490375489
638139147
1095741661
1279658598
1274020595
1192655501
1139231490
231423847
1189204246
376684243
215992939
1275315503
1155872906
232591852
587976514
1187906842
1060417302
765987409
763821365
665293741
1029028550
971424436
576307531
773305447
1276739402
1251794187
1145763989
893799337
1064335572
1234924152
1147065222
936539736
1225593567
1308793766
857453159
1190817037
536713648
1189367943
706029250
219207280
980220134
146156967
729130872
1292002114
346312229
1184488829
1298432187
357595135
732875466
1294663765
1275893224
1196611573
343627179
1295787987
686033266
1139011059
1095651474
283552327
738396940
724399010
1170532652
80457387
353092252
561136811
573510702
1142553436
1140932888
327131759
990736215
479793514
307836874
573332439
724390664
636688999
730336172
690575572
108528189
354279735
964285158
332926405
418698683
757959835
984943662
1033478099
1134527948
1260186069
525147612
1248164092
1251669981
404014797
1013983180
1311245771
1223141312
345763996
1298338069
1136770972
1173670545
818985961
1304237333
1291911014
283513978
1321932745
523397939
525359480
782338413
613433062
912508014
1009061312
140175083
1289955866
1026463368
582761006
1100855548
1216631927
1189197899
1100976987
1047009490
1097613821
543646220
1219353149
796996874
1294028781
499097477
1327134847
1048922579
30146901
1194186213
1027709392
1132941235
1176059188
718396207
286674587
1274873537
1229972128
636208497
1223368959
960420994
247612279
372905453
1176571935
773235510
726240589
535565443
1315372216
1191760712
985680765
885866539
7924032
1115555930
51848811
1034948464
1200192650
628095724
258981191
1055071389
1198455518
593339646
1305429852
569471531
506729016
191385615
1119697901
1103491206
1173966558
1071950798
187448396
1097927867
968622781
698161117
1249295312
611708384
1210990771
1102149977
1204262710
824740210
33482186
1217946816
897505351
1049790966
718430887
1296148479
1307879733
973854543
721383314
560426578
59294108
31765514
173854135
948936453
1047722227
48295833
4859882
353945478
1325077130
804149676
1262495849
114715784
199935692
23704178
1340206489
1173979105
1251715233
1165598230
132161164
1154764722
1327768246
1142279999
1065287760
1162760269
592144609
1120292387
1175558121
868503874
1315298394
1068144260
993006853
1114586374
1120052158
1056144973
1123462556
750749435
1247251898
974894911
1339379192
1061006754
1189973738
536873027
1262473242
1350435608
1334986157
978761893
1069808146
717692518
293160764
1349172465
1259529955
1023135272
690594295
851436520
1064212278
1266737276
677440497
1301034903
910034341
1056580845
319136831
1346898512
1341130164
158153477
1147661528
1001917835
1058313215
1190945871
701258765
1057772432
1353165243
1297013982
801494680
514523033
1338927825
1059878879
791033070
247442796
734415727
1191525061
1357310112
1174032590
814874871
1174933228
1266358564
1322651168
853638312
1358345857
1348881650
1015162555
1006079308
469102636
1247306499
1055520108
1020695765
238488433
1354592964
1174465706
356624559
635136387
763522680
970098807
1321502696
804079333
992195867
85040355
1256271138
1351114346
444619113
464138960
1355471806
919514201
1135157984
1233898796
1387596444
1386665409
1060767251
369454471
514488882
191222823
1309432333
1098044573
1388386454
229642128
1366509258
956775233
675249726
288111530
411008809
1359763013
616238422
1250465761
654683269
1071163423
366435700
427382266
1355686753
845690008
1113989645
733510928
1349094122
1239005884
297721022
1266158446
1037499350
67393361
603724929
1349656294
1076765917
1118055247
21302541
178324841
1058961981
413250323
1009998191
1044428481
426014457
1115265193
628692950
1362193448
1348323805
524743348
1248222944
726621653
1260820493
1369217592
1189045990
1257530086
85047385
932230309
1321548042
1011876396
1036846390
847451412
934526673
1257038908
339827373
869660537
1281442743
823141240
894849432
1275699511
161962190
1381954097
589776704
1030488332
776682751
373419639
976371394
1368306329
1352129330
632482928
1375683238
1189066329
679122381
1082740816
1011605490
1337619037
450330620
514408962
1385786739
1031895298
399365798
1201137931
643763411
752217028
1227697347
402052532
1192184269
1289210425
219703984
1383315306
667479495
1270876039
1212351857
1196700717
596932259
852376891
1402098443
235986157
1049774073
1406443488
1353050516
1135894769
744097381
932535168
1383867174
349879824
610346432
1401634186
530171289
1008303049
1270626222
1378650707
1377314183
169160927
1404653091
1128381002
639515873
1276647191
290433771
1068829796
1195856452
972920861
166765873
1377775526
906772938
696267943
1273690802
46257552
842747452
1152604406
1177484435
1114239328
1358316371
1212528632
297736235
1223113221
1398233047
497063599
1193489296
938445090
1244251530
1224584728
444442165
414547431
549222065
754582199
425421889
1021855378
666653457
615106051
825305040
1249376796
930120788
1398571743
1069931970
1410366912
129860810
1343311224
816738197
718384357
654165372
1109984675
1083167625
93268830
1096056166
1171616223
914687877
376997136
1364493345
1297991641
1139764611
170844375
772857489
1191343127
586569751
1285553740
1207482418
1426767129
171469372
604096610
454719698
36383466
1405361519
720035032
1406975877
1430088488
1308477443
638087540
1181024341
646185767
1216903917
1123897768
1071656794
969189783
1068325854
417807806
1099959174
1290897747
1063669921
765014446
245214663
1231858017
1412393925
1402275634
213158211
1207733699
948985688
1413402030
586931606
139605120
998032615
674636541
783497823
749841018
1194939810
639283330
151438199
772388555
852111884
1435024322
1258060590
1265741846
1367166961
1159390491
895920151
940356063
1202610309
1278258270
1415880418
1140500397
1219350229
1092973704
352867360
926812566
536311689
176241178
1326207954
529603008
22903717
1344199804
894073019
951424114
370801041
244034707
415371975
25879504
476285250
1157344060
207137737
637326531
602793726
953061603
1213414135
827937674
291609522
1033221283
659532207
1272278407
1437059576
1411255452
1152273775
1275617883
677466132
898449677
1118264691
1430097615
1440153849
1317013559
1441427368
1313724256
150410523
283365696
1345496946
1221132385
1371395804
636798964
1235027441
1397798581
435775968
1196365264
1007767621
1233158412
1398355727
1300152569
149885697
1003999313
1078741720
159365577
1199991362
1319739052
1372846576
1163739526
1046599951
983133462
1402851696
1455983962
253617402
1429834427
730089046
954873235
1138686360
1235621230
274923992
974156073
423782496
1431045575
958619884
1030397894
205340293
1315450925
1398608180
387512053
848023084
1304542023
1361102285
1427961691
210431672
1433613351
313315361
380632599
1015796732
1302455260
962295550
137744569
1124386793
1454788320
1333609289
1462855215
1386911204
1250653135
1402466659
604302763
311051435
774257624
692109615
747746595
1456617833
716691141
1326140166
555780790
148219140
763675715
1299613571
887240112
1048073482
1353513546
1431285818
1242959541
1442752856
117850217
1399928559
1418781221
1232276672
1319122502
1375942025
1195606338
1398415102
1382180640
1245012410
1000960917
1365362613
653707907
1335572264
792804392
449536944
197295963
1327774235
1309869735
1187561146
401316316
1298690862
200169011
51392316
1197356078
1263253607
1467513158
269825650
587038135
659631736
852202717
976917084
1339930788
954539966
1158385174
210369560
1297619275
148854693
1336624497
1291691022
214735156
1341698828
1427688369
965028881
997290119
685135405
1424338386
1143600078
1102155877
1383682416
1403776944
1168098151
1374131238
1313254720
1448671147
895883789
460033715
715953998
673810464
1169536792
83218353
845176124
577594222
1235151333
857630705
1219759538
1356274718
138512099
909123623
998281935
111588617
1148941477
1359630360
630656461
1241435576
1229304792
1342356080
1340557164
1312210160
707725411
925113717
1189853901
85613449
1455389474
294083947
614549415
1384047758
1085867347
654842250
1137113249
265944966
1457507149
1213789785
531295915
51445435
1090411079
382063960
363443305
178360860
1359844395
743660647
800952976
1311980194
1403616520
865819392
215724389
651381205
1465393051
1196381404
90383744
692646353
1478473888
601635425
860637886
781943382
957356482
894932422
446619062
1350528438
1224356624
1259732948
1439095238
667837898
560949455
1245621108
1351980434
87510872
871508452
902997133
1468708505
1382818203
910151670
1405988929
862494863
527555383
509788883
1095633938
1490900165
1393982414
67987246
1337915878
1366827111
226477890
552788053
1092123564
722656430
400991033
616678368
1465135440
1209097033
965281050
1375252376
1430497064
975105455
1011617316
1363122962
993054298
612484731
1394123352
767738819
1299732771
1385393473
1281983773
1476445702
704644402
1482687613
1352338459
410944183
369494732
1071570267
1210871865
1482911570
1183209796
1205546099
883914601
1471737553
1360594991
201897155
222390123
768817998
605801644
1399512384
699204236
1485142516
1246153182
1386444623
624137844
756908035
26368898
318620921
1340445722
1475392132
1072460336
1480196475
269089977
1447869855
297708796
1299006862
1071875325
1490732053
1432315276
1095040588
1288081903
675409019
1414369377
577851708
896892499
1136177646
528363500
830422603
714883554
875322292
67896569
1349088676
1400679188
1363325749
1419502228
1150545738
1478356850
1441991568
1379196433
291169032
444673077
1282977585
1293647699
1462067645
1515965085
1159201541
1317308454
316006153
1369572640
818449017
1063727482
1143414409
1494479834
242474207
1374529079
718842780
321527379
1302002416
400700748
65164750
1266287284
1210712480
723330643
1281613943
535798870
1499133351
1490827909
1493419770
1445295409
983725811
1233278709
1381708615
1493940284
1142935099
1487536194
1408564997
1313235713
1251067004
1109623287
1297906738
433867815
1316986124
119285152
23700549
984172555
1071783252
675971500
242618517
22854351
900187717
1215819915
839499422
442166351
493436932
1144314402
1515774981
1526364096
1243053821
865794746
1502330503
1474881006
1501593191
52959981
172863438
1249296286
1446540958
1523589911
1344246509
1057490038
1460251754
1383640655
833338380
1477407396
654921684
1507682557
745530180
728300989
103641917
1369156956
1311346071
1157147879
1451612917
472272367
180005359
1105322921
1057950877
1444933988
1522124388
1143399190
705949134
894993438
1431269818
302646335
1132325776
900381638
1478367308
1487757900
1066198163
1240151185
1023955018
1508689452
1164756025
1326715350
907932193
1418433850
962226693
530979981
1304966645
480671465
1196076485
492533748
602515389
1126392641
1374643108
1519597228
979675770
1006495678
1478618256
1453654834
1375719456
602178873
1383162797
1228605603
1523025852
1370807222
1520766430
1384536934
1485241776
1049730653
1053866456
159627263
1552605875
1064118641
292777391
1533294837
21597739
1451151668
392194235
1509909114
820529545
323447987
1436678182
141006296
205651649
1288708540
1327688547
1247624194
441983921
1093098931
1480837809
329572349
757080840
922467067
1533505783
149958014
1352477235
772191395
1083185186
1265219538
823010854
1087640481
279365765
312512400
1550642647
978113194
1484067488
442705194
1269784060
227378595
1168387268
682517719
1469945667
1277277543
1395593495
1152754118
1209437505
46233616
1541988820
1519887066
1418615619
1528641334
1005082638
1540698893
1539962556
505363756
1386242091
419393715
1024957024
1377314680
1058615296
1149111719
1375569006
937169944
1102698855
1018373558
1529193508
1256632377
1246657806
552483713
1545966851
1400498783
1413805034
1457381580
1422148692
1462669460
723256601
942660656
1552144154
266668829
1075798320
355483080
1307021466
831200527
1314155756
1342904877
1259115986
1493151075
1515178758
1540957221
1563292755
1113597140
805546398
962667093
1341315383
186068337
1224717006
1438637562
1225705123
625729099
1533346183
1013343744
1536928862
1305322429
1257338718
398997458
1255917500
1325992733
894572849
1424655368
1332666809
1341596273
263936648
1314246766
893705642
1125575786
1453710033
1552042978
395151674
1359276397
1455562021
1557382055
1453723958
1529413855
1337707374
1504613379
806625598
863945133
599234297
1503980014
152866218
91925973
805011407
1503487859
1244211670
941104589
1545131878
1162257389
1535484315
413656186
898836339
1548152169
1560348831
977247234
1517600133
1457339181
1208712614
1224997260
808384106
1187261339
276888827
1448274263
1550824879
228431342
1442756556
1251520403
1561637387
274806208
601052348
1003042276
1132500115
1194262833
1394711455
1055158435
1355813238
1526367439
1545067184
1191998205
180257745
132692001
1558973332
1565002565
1577229067
70288765
926645679
1279336996
1467401802
1420184416
547046660
1089763258
941911417
1042064682
450753247
1072967366
1193021880
896298783
302876630
1556571116
1341395629
1233421893
1586814381
733687545
1559231781
1565343679
1467410598
1437488039
731038613
682710544
406200650
554713159
616283159
1559368815
1199471723
47553265
674466087
1125345464
514155470
634432995
923346973
1376706576
334080789
636160996
1410441944
419665440
1404257103
750264453
1565175594
554137732
637502712
1320378466
447879246
1585895891
1567945168
1433294506
89893113
964110698
1349334985
491892726
1405853817
981825194
1136342943
1434323718
1600791829
1128830382
1385252171
1555561414
1427453996
1245584091
1554330574
338983201
825536646
755608379
1391033113
478560546
1556301893
854566156
340859215
1573298428
1576822593
896424026
1581237614
1569035272
1144183743
727969134
229020391
1274486757
338774066
1574152261
92678128
769572906
190393140
63035017
1208876454
1030081588
1513587615
518872215
236742811
1533308096
1575780520
1199318853
1520737532
483170698
937371455
1501174037
935563579
353382751
14144136
194842915
1266736873
369267388
1594267156
1171259886
950674023
1521110276
1335251528
1573827766
791116750
502723486
640355792
1291099730
147929059
1279223676
706431506
1009897620
1441387508
506195108
1510653656
1370364426
1465792352
1073626966
679853765
1447416648
1007568846
903078326
519649307
1313249848
1579301292
749422088
1420688017
1462539346
1534530518
1535825929
991600172
1420516452
125934875
473674642
1412778717
1599461569
1332281697
1181285851
1342166412
1553124792
159038506
1510941205
1606830387
850527597
403152780
1581192943
975197408
1315863734
1208058323
594654999
1615009924
1585288914
200284897
340246887
1492250009
1176488142
37130041
1085041299
1455131184
1409853627
638003343
1299487381
988346286
1569682258
1568530169
1554464679
1502629624
1067726798
914111340
903271620
592066056
1213990739
1596020097
1463462910
500212394
1222798988
1322899232
821970295
1013108716
1498695506
1476493274
282949411
1583912399
1004615361
794217434
1601804482
474641497
673876276
1376804283
1309664651
614460462
1488162015
1383522130
749926199
1348573441
1591756645
37934408
1283526897
177124138
669722876
1536254757
226828223
1459751187
1607797330
1278251262
1598507642
665805708
242247560
1438612444
1591817080
652156666
1622727703
1128306860
21487759
1128429421
1595738644
1420508382
51234944
676622202
76237148
1526212380
1381929154
1610470048
1415473320
1611713029
1191705420
969279000
1627642123
216778052
1405613860
1411015348
497314272
1085307633
1395343268
989254328
760671467
1562420914
640296990
1565356465
1614494116
332834223
1496967303
1126759706
397348929
1020772175
463745726
565072235
1614474248
1611388442
1050915356
855715965
40055035
990574273
627648675
1155229442
1205219143
1167157806
1489167278
1549589004
1619964078
1596614947
1101935827
860352698
1381608820
90425597
685973809
1419088917
374845472
1213051766
908637431
1211991874
1626523325
1562769191
1128100481
1615539542
1310324498
1524697158
1461161168
1433720629
1441470287
881956365
772500183
1200304067
1251703080
931362772
1574603102
5217772
1616397198
472139641
1467824518
1622429502
846755670
375695229
1382647742
1637916867
1240287450
1510762121
300611855
1627211077
1501341284
1624560722
1358379807
1635252947
1538302154
14509828
322152948
1171466429
1608023713
618548984
1533835299
1097445739
389249913
1433694939
1515163851
1251089577
988948537
1198900001
1068020800
1046154800
1528691563
679288253
850843421
878185776
1328396594
546371234
897704291
1631130137
1630869619
161880906
1572061025
1251692451
1617237549
1445017344
692802732
1641227164
1477367698
1417420501
1656988041
872085985
1625890975
1229118425
1232970556
927187665
1424878798
193588293
1042203931
87870950
606793008
302840199
1460373745
996931650
1421597170
414301795
1588300366
311430806
1339370397
590674193
1425274817
563397609
234234494
1259694362
1548021935
1308786225
1666160729
1375118333
787140831
1496131384
506764724
601672646
550115100
613596987
1447392349
1356525970
42256799
1480685331
1320743294
571599896
157384301
1332321638
851765277
377071467
1253385386
1190442726
1520633420
1643222286
1299999189
790927822
1644411262
491824440
1659834419
1647856442
880826221
588279724
1646598777
393479428
1064689467
1201892304
155552721
376087683
1674640144
13660201
1674754387
993695029
299709315
1492671317
836640895
425638400
1538310056
1190089074
874927690
620692687
145853265
1657296030
51005011
380689889
1599344585
197918357
1391102137
1181359080
1015266742
169383209
958003705
1562288355
1072117617
1681892139
1663561816
760936930
1070624889
1543786916
1500415274
939524561
503729799
1437437763
1218435492
1398458816
894747781
301951020
1285083497
1446834491
452360353
986768136
1331688247
1306018553
1000379851
1451261608
256114398
183609389
1667487926
1012556297
1666273363
1630965175
430363498
1658001932
1077744720
1329025918
1158997319
1439386894
322208289
1652947076
901970191
1487656495
599837846
1422280047
970607556
933789716
1584996618
1528835153
381670788
1667286589
1450157442
557345888
1318546819
1593097676
1688473771
1592839820
1119661531
1557565564
1523087519
1533378754
1504722060
1518430390
399761271
1628765609
981351858
1673531161
1670006597
1346198280
1487797581
1637067981
1557445502
1340157743
706223498
929242821
1352305194
1182989143
1454181879
1483915797
298067806
1679608016
1603053188
952302903
1287254309
489903598
918424471
1505311283
1154983066
921545891
1368589169
640509753
1177880586
1164142325
1691649677
1660949708
74289734
1194153506
706086400
1222676791
482739663
525998345
349629153
1509838188
1679175450
1648265797
1643527971
1414582068
1672869358
1372959662
826646411
1269759641
1082284889
1541062852
459246956
705339991
645612283
1531179362
1651407078
1462392676
923721551
959193250
1460521776
809857932
1693893391
1670331547
906377819
534823362
981488018
1298713406
1504519059
1405949886
1283351662
763109046
1688761527
1257248364
804129296
1664121650
1304943748
1538072208
1686259046
1103075852
342325820
1445265449
1693949252
450121345
143177042
543149099
193878887
1421126448
1421122503
1592848266
1693553025
1707959044
1690429007
1408836049
1507527412
270539357
682930721
1439273481
290720713
1436225279
584241342
1054873489
952673244
1632195602
884144321
1457053185
49909574
368790703
1311370449
727808800
1455487049
927745506
1359175719
801389450
698876739
1153836019
1046857948
226289652
801993553
1594661351
1719903752
1180579018
1313814876
1664036301
1358114022
1717806060
921158968
1261005767
1695663843
998736661
1558834107
1561958563
1258569205
1435055168
1235973685
1564688848
631172181
254402800
1554102796
609568271
407289064
533712243
1541742918
1526805270
1706106114
287357457
1333795893
1171582511
871033230
1481080838
1049211178
735089844
793180841
1134738615
765240517
1010533502
888635960
271272997
1575844957
446360889
737305773
355470096
681838009
1708146660
1315482463
1639242577
1608432974
1673379244
878537842
1410068188
1188544651
94067474
45458864
389931088
1269799881
103222779
973789974
1563517633
125493589
408078234
66926543
1641823241
480775200
1574585374
1712585227
1708111801
1363641147
1381298444
257925794
521002183
1730831155
1716727701
865646357
510781723
1009956102
1534079342
1594571516
1716454843
692605759
1711973092
1425097256
1742214319
1722350674
1495704571
1722781406
1493561970
598770120
1089545058
636334845
1599608897
1370699386
1659142978
1253518513
296769698
1606956260
1033778523
1278222446
1673183838
901954043
1504795716
1682992203
734680894
1492031153
1642135170
1614726893
888372662
1669278894
1751803004
255251566
997784476
1492459370
1321497087
1726838291
1641325087
1164706624
8713283
182116043
855942997
1421484159
1478902717
1483871365
1642157979
1599807133
1316261108
1457559525
728664591
318885638
1390675817
1046888223
1233415976
1334629195
316755082
1408844317
1283073388
659642354
814337733
612377883
699411423
671724203
1371078124
1501857893
1658321792
1730299618
1391966980
117570559
1385826530
460913975
321717234
1234355481
1129874691
612377883
1560608866
1417275829
1731943575
1508224172
75149762
1671029764
1756072927
290347805
1661038015
1630000945
1733173175
1356607505
1664542243
1208810697
1689034383
333670402
1624264012
226987005
1463813801
1609731672
1393996427
1716476648
1650435270
365635919
1657268610
1435977965
1734195753
1728709479
68858143
189444349
1376817716
1542217886
1690366713
1121738699
1720718877
27780039
990532732
1694236680
133482630
1738327386
1762945605
1606123516
1642549719
194679590
1656253297
542859186
1271347378
94849484
1681698185
1058855768
1057939100
672970416
37740712
966560589
244491807
1180772187
1159477214
1279991273
1653900233
1423169455
998839146
1759370597
301601206
474532905
1465442749
104703793
521425915
1594802990
1060109512
4396877
1092821499
1716898821
669574867
1314107791
1343877303
1532579818
30606696
1581939532
1541036550
1334953207
798832542
1716798638
1185176156
1524860551
784401913
1467794200
1563604347
1628872526
1449887703
1516155877
436718687
1705225037
1507108944
998323036
1608173573
1758823001
647928633
1601123626
565328219
1676943607
1771206576
1746212953
1766499773
1464481860
1273550287
996208885
1695271520
1628193979
1642729391
1755764258
1366870435
1774662876
951690506
1071301324
1747981654
1752766023
1300232138
1610303561
381943941
729936638
454427295
1603511289
269809967
1685162867
1660082375
1676827752
1746210590
1697059865
990761637
1719113108
1136825840
1508743398
116823148
1741140862
574129782
1544966155
651360514
1700985802
1592895190
185655695
140028242
1756960434
688022198
1217007050
1530105127
794879399
365773219
1072102407
674581619
1389507423
1352362934
1610360300
469812779
1618410746
1416001306
1279086828
1285086664
1520687142
258028975
228903124
1218552386
443130757
1284485087
1595950865
1643579830
1551808446
1770769290
670888077
1743684941
1441671094
1079435400
1317261370
213986757
1493707384
487927713
191729716
1628879914
1687768896
1657561987
1767002466
909219727
1755026213
1433537510
1752224748
1499126968
1582399453
1724350599
1018119131
1459002634
480891814
301122617
1562150307
1594542058
1759649124
1424336180
947937865
1483039848
1687115809
841323066
1767100071
1701680262
1797822992
1788382993
1775718219
1334484917
1188211546
1650989647
667018486
1122621078
1491441028
1546603058
1147957675
1649595552
704271443
1699135087
1547865837
294613371
1527513945
1747343773
1316454295
1542841997
996929998
1251227260
1506589428
1648540164
1741995642
1628504719
610925645
491400937
1165102001
1416086516
1698764454
628458434
1774953001
1449235047
1770335684
591664543
640635056
1705529233
979262034
394317301
1448149650
619583486
1727571277
1288335118
1292197116
756487718
738218868
1600421782
1242248501
820669199
317871573
1779135442
1238580924
1543127115
809968219
1777553147
1532354847
202557869
168245011
1700686859
1666458099
588914726
1768275400
1509109669
1146025627
1439547244
1785343164
362432209
1613997760
1488376734
903793235
1056866582
1712238472
1626171553
1689867374
1635016841
728992906
1791685960
1022650826
1782537489
931776683
388290594
1746348934
630245792
1342292795
1083955526
1627677894
1785067317
1347912692
1175017928
637336674
1464401206
1623262424
1770839002
1788474541
1669200385
759612140
1358017056
1178995070
1067447620
766488518
914356560
1720263241
1773559826
372665786
1649795768
1588353703
1790314551
1068230929
685324823
1033920067
776499452
262110576
1643190906
744380462
1253072424
1071677220
1524516048
1638231402
553836038
1730552459
1741246652
1756782961
1504506538
416531323
1567152857
1768872131
1265909661
1390483281
1577049286
250770423
1449644545
1792658896
1807670896
1715455324
500932568
321393966
1043062396
1671257839
405284756
1392022751
1088312513
1411154121
1721128915
1608005128
1807841387
90992812
923420754
1337111357
289352596
1680480014
1505010896
1343671448
1820326091
1047324851
1413728182
712909187
1160737746
1787648488
1133486597
983745522
1014702984
707331189
1662021198
1494989284
931122771
1798523143
1771372909
1607909492
983087327
1624551323
724641807
1228036013
1648103643
1810638767
1816935051
1651655402
379923075
1579211171
155599983
1417917491
1577954389
714113599
17894477
1384195386
1404144242
1841094259
1083714426
1762269286
1040381434
1791341919
1410183992
1484956592
1240160891
1463052825
990729767
1670721261
1172922716
1394701406
1674255057
714526359
846092781
1779422870
1376491549
1396926673
1700363945
989412152
569713578
868993891
1702317230
1813670566
1501727767
1313819274
1322535611
331573869
1680196180
1837261586
661321632
788716236
1727350908
1085606554
1704775938
1374204527
879229803
741739780
1739907274
1801337948
1817618707
1817028866
764971098
1587764654
1237604201
454755996
961492486
1580314993
1074135855
263201284
1421574761
1032100873
1637954122
692853113
1297443008
1830676461
1663058855
1487345916
703187685
1622448960
1407459102
786270060
1353614106
1724753847
1586533552
706821352
1455135923
918306983
1549867698
1372419387
883777432
575206592
1641878029
1164284887
1819398851
637702809
1496483861
1692492519
1361003031
1837277438
488573444
1284045782
996519485
1375973862
76975517
1029631973
64317299
1755365388
1831200585
988076334
1642043386
1289427869
1790015509
89596915
1842248564
153461206
973568736
823576726
1205176966
1565133953
1710385325
1831885580
423395131
203426910
1604737105
80018922
142741442
1780920821
1146852005
1823442008
1052159648
1827946797
435202096
64320462
1791240482
1695058586
1839312986
1335997897
546081650
1855852955
1568354343
1559047080
338810169
1842253361
1605810009
1528453440
1727956190
1825286590
1709269749
431108278
1630902721
148507286
1616951646
1635270299
1474991062
1418283929
1535924306
1275387119
486599581
65627749
1864850921
1603542911
1431310027
1839892403
1575783517
585234495
380991167
1350920506
1389409713
92352654
233666674
1843199769
1863046182
145844365
1046242215
470601473
1121990362
1681150915
356209973
1339230919
1849201064
1001617882
515374890
1771193249
1694760972
1429660721
1473421675
1306407439
815777574
234032063
1789158270
627174496
1187694527
1515384447
1127817730
1846076353
554459444
1308442802
1610997371
1851980420
390770057
576360245
1494024100
1400162816
928649875
1064139656
1819961490
1037703371
1425927324
1554883131
420246599
1189690662
1499661737
854689671
1496968420
1879861957
798347343
1791950154
1310109276
1849453024
1521006130
718125999
604587382
1572675155
1166706932
1445553035
1314279208
1857544952
188345828
1023246418
61110914
1404804094
1219965554
293577790
1270325247
151268696
1745482265
1857958173
1244412319
1611272285
1392706843
1846503204
366794321
1874044468
1638609906
1741619954
1889392535
1753829911
509990041
1327534060
916256913
1374723231
1692273189
703620705
1704652624
936998608
1723371389
1661785956
1189812219
316258300
1664164491
56921994
137704861
72104212
1556538587
1253282926
1557284005
677107855
1757807061
1437954856
1867670378
1145842028
1586265863
1007435980
1265938320
146497381
1551733382
835876426
331489847
429048536
1832711677
1797684325
508072389
1864524074
1873972448
889047548
1805021892
1860464026
1774766677
839512289
1486307632
331356693
869629727
1168244431
1456101093
970066523
265648159
1778923647
154088546
1539642669
1638607674
583419975
394322154
949106249
1163123833
1856508241
1727635432
1394083711
1790542352
1757152574
1827026059
754375375
1879025216
598889523
395104797
1899022871
1744625547
883304053
580074711
1387089838
230066683
668963429
260558884
1204862101
1116943862
733197918
1901916955
214212079
118653955
1465701991
1149447237
1476190863
1888099179
1329129176
1560554327
1377885947
1361352155
794182377
864386194
1692248186
1635201693
1826778176
131057770
1107390334
1414409484
923867020
1172610599
913562873
1581698891
1778521603
1621640333
752836719
1003553304
1866445072
1823320414
1525784481
1775611386
963814059
1553949946
1462033663
1646827492
1449780478
1155616783
1767773151
1273211172
343341440
550442406
1421420518
1728757966
1547387115
226864438
1638569416
1319559389
1838916559
301860086
712774693
857458270
670638198
306397426
344509310
1823629578
1772965060
1685213797
1249791777
703465670
1074721365
1649463126
521667750
1690947204
434095712
1806325564
1277351184
1886112918
993037134
1618820846
1141797663
1086468369
1702198473
1925596332
189819027
933593735
1629625581
743976930
1406128949
1872873007
1887135191
1488886117
1791062913
1587824662
1694288864
1765965309
1873980716
578821450
1909306183
580230028
1403377475
1112277580
1736749093
1939249109
1483823892
1774412669
914718301
269205587
185381570
198834627
1825463384
1933678165
273966394
1315826041
1262154826
1745839370
344809347
1484710999
1918600193
1846350425
1662735136
888046748
1827054105
1190683959
393150081
1452224871
1863716583
549377516
20566097
1424228515
1713345970
1907659360
1223835441
1071134445
133989588
1757439398
164976454
502303345
112291297
1279929724
707570909
1874439117
1718946904
1063321971
1502766406
1911344105
308811709
1455867038
1804565532
1642965773
1603686306
1601932276
457739040
1388267882
1143080528
482360530
1721151302
786848527
1775544545
1444617111
1780265702
1885413517
1598569967
711414386
1792016356
1797972232
1702945777
1926548591
1277397926
1283910779
1925846349
1945315853
1762321978
1919078243
1820473315
1804431155
1715814359
1804967817
191030548
1871240352
1844611878
1391983891
1910059209
103466942
1093772177
1040336924
1812048083
1565740780
846164301
1756577347
1803878792
1518684200
199374150
1568959158
1869421172
1173585261
1380979160
1293743599
694469552
1218937365
1924820784
1267235655
1668088929
1347298774
1545821124
1674275616
1755906973
1844316135
1001461558
419023475
516342185
1924908286
1731570380
1954413830
1672905696
634700217
1471367372
358930440
229803200
1897219849
1293099629
1961468304
1578326085
575553613
1324802860
1944769909
1930975255
1959807079
1484186928
1011589074
1795276207
780201241
640859283
1456388548
1412292942
1249251056
1705833211
1930941829
672328389
474684059
1866726500
1931734131
1517297379
1698859278
745906717
1964759836
1938139191
1040209388
1807281153
1182557969
967893460
528366087
1950774438
750128618
870812769
1034306009
569370570
1837771183
357767880
1911024949
1309377713
1654963865
1975124676
1972449435
1835388827
1971066026
1740565750
751309952
1158397221
1668943463
863015384
1272692688
940552428
582768778
1676590162
1976904715
1078390696
1776425070
1972020760
924063847
1853338260
1979200639
1279615235
1270038216
1943561196
1924493900
1973454548
1941873937
1687136991
1462181305
67114884
1960904496
346188094
1369219316
1189151248
1375249234
1842358453
1979107257
1047759440
1985334449
1642003213
843736280
1421727080
1879124878
1703942509
1720799808
1407455730
1225769169
1329623644
1363198208
1788688071
309933920
697603464
1507023947
1925967685
1738107475
872181810
930325584
516770010
1553843872
1986715592
1689545667
1744412491
414846188
263711488
1957065991
228692578
682195349
1940376106
203611883
1636832197
1026173337
1769822823
840098550
553719378
1698404277
1717693473
1919110393
1158910245
1595092510
1050550427
1955566515
1966284381
1545481787
1776951978
1846465999
1848670274
1989939288
1679444028
273886340
1555468832
1957138303
1659982608
1827535957
851383494
1488296498
1509851796
1806500784
1790671890
1207592913
466968790
1200879851
490685618
471226681
81091000
689981492
1320561467
622868312
1974301609
1902499051
1641106661
1978335467
1604415669
1019579829
1962704155
1781670209
1746613873
1198333458
816526781
1984208943
538504989
1609848151
1719001971
728184047
274661719
938578999
1962757784
1243873907
743176290
1373077902
2005128805
1208016460
1786863566
146196235
1256297191
1895517136
186009204
1670916434
919722142
1994077568
521756601
1962707452
1484965142
1487915470
1199280682
1717215361
76504637
1978785070
204693696
1763393162
1992497189
1763025061
1246126568
1721574768
1976149996
384423605
1312861710
1472608871
1420228551
1734051607
1985593022
70041087
1970406605
1979437620
1337572074
810576253
1410853079
1943037456
1981645020
1970851769
1981250031
1488107606
1886158829
1872751373
1457561024
1946072298
1508232630
823503954
342610856
1973631638
828836683
177105173
678361031
984631500
1670172224
1197574641
1877116450
1572244756
722261289
