29726
48890
69847
1100068
1112792
226637
1286023
1326766
1755678
2353255
2123826
1751307
3174019
3455385
25832
2167556
2566874
1557838
2537684
526300
57312
4396903
4599511
2828030
6594463
2725694
4228745
6624010
7499435
5905804
8853153
9220500
8401800
8062588
968298
11471397
9710106
9620420
9982005
12061366
10996268
11002799
11313823
593875
14865592
11994512
4059268
7066523
12366359
2711565
10474589
10941234
8749895
9582352
2231108
16414678
14677296
12791517
14625237
13606880
1671091
13400049
16381913
16971200
13164286
12857784
15037896
9216916
15328516
15439232
16171918
8724101
11057858
9237326
9193467
10070520
16788891
11859761
17183479
16701195
14959311
18222026
15039636
19534453
17787714
15776820
1721602
10254919
17677691
4670393
17688343
16375586
10328343
17475460
17984937
15836335
7984169
18715470
15466607
7996202
19445447
19481393
16297271
14875160
5179188
23527511
22382778
8351702
12544387
22799758
22218900
15041760
18018588
21768817
10927280
22888130
12906569
23283618
22839164
26030867
26963201
7410999
3108790
23830355
28535120
25044105
25047012
23770666
20741198
24279608
31825263
32858248
23715832
12485615
26949412
27553658
5427919
5440287
32354541
5914153
26548627
6442528
25014525
33987032
29861228
27111490
29155910
26733792
31026083
27089117
28451715
26015187
30219951
34692442
5115112
17836661
15399351
38258855
29322055
27800385
30667145
31881737
32276401
21152915
41135547
35737697
34653542
31027763
18668049
36217099
38886591
34641346
18063538
31162218
33136900
34364070
33122630
40622104
33858321
33029090
40284574
38081721
28330521
41160606
30542980
5358056
31406471
33122399
25777048
30511514
5438876
48086888
32418789
43325359
35236301
28417790
32068570
13701532
46477563
25261562
45582740
48761003
46472479
43387989
29321009
31726930
41341093
32281659
43593677
33140076
43736159
32888876
43173118
42297896
8057736
45808411
26241947
5440848
27903557
43413664
43230779
34244781
11428442
10356345
36348935
39474763
36635878
47996190
9161369
31379049
5366401
44428
35105544
42048068
17471655
19786508
47123543
48568024
53009598
41411387
27593865
6948135
46916844
50749377
47407936
43424038
46164303
23787172
34572221
57676058
18758528
46606567
48354421
41412321
19997602
52959435
31809265
36089961
60880732
55147763
56220072
49739631
38400547
15025484
766525
9752973
11220940
30436860
15355853
34635649
21086695
37570286
21105216
49284452
34422722
35913480
45786828
63587177
51875521
55400673
61152026
14210274
36016612
47410629
58821094
40792631
44481608
55182806
7944683
17812198
62905070
29662123
37404103
68354630
51762818
61982313
36565011
64678875
65347391
50381592
51421949
35715153
59447112
62963376
29652530
54958569
71655623
42224697
33514504
18557882
70528762
43741122
26372743
27410874
25976255
36167801
39141949
60364145
69663358
17322803
71891164
55851679
57199424
42417521
64977756
71376094
40994119
63323208
73566728
45597489
74082159
72807867
68777287
65783531
29548366
38743954
31850831
58271053
75902825
65684389
84652026
79455152
63424517
6581914
24273464
20054969
79618113
53810573
85225963
12216399
48481093
45501244
78997228
80720362
31270023
6561992
82524693
82485666
61239197
35503454
75606107
79867705
41872239
58372848
67352849
17120767
68089381
44920269
62087043
85587121
88824297
66400284
88310034
79975126
47649404
79881933
82994565
16488334
56523208
70998055
47726090
74647801
14221848
95238406
54228646
94289114
82811052
9187635
95428798
82149005
94377776
83156775
55599828
96535801
96422643
33886439
55627690
56138780
58476753
55648611
6836593
86409707
97954181
77977229
29496128
64852795
40367251
69088065
94755741
49494787
19641655
38037985
100002192
95544236
98853003
101735029
99783556
62913072
98804928
103935903
87228407
80443683
72461439
103175467
56909601
106292623
105330141
108357450
83533412
51522501
76279538
66032224
107288394
56133340
40657328
59727057
102695008
105424670
108358053
84008743
48073563
105870484
106691033
16659689
72704556
77784701
106934933
107996200
91687712
107012242
82881892
67562531
106935905
99357908
49064061
101047675
34514164
15343725
32351236
111725393
78573919
104940896
92015354
73392639
54747939
36101310
84207337
25306251
23301499
80405777
92536766
94379351
111455885
113660680
24611685
110392766
97754968
17554971
35954958
31555545
110158694
71289802
31575175
106715918
18831268
39786207
99905913
33788366
73017906
66574328
86322322
64328860
25148059
50507584
34586155
80103096
113402577
28518125
73976190
68766609
98157010
84853166
67426413
52187816
71065846
114481886
38358089
63045018
115156052
44687060
108675899
104929523
194259
83110331
114182027
114944546
120879161
27331756
120882002
66204299
5642139
105966543
74594884
115523059
102883652
115675674
62458411
102171783
119919238
43355277
47246289
8117601
110044670
106046626
61209480
142489
54705078
123295793
40972829
11389370
117767267
119336529
39944397
94980140
19360481
117334865
53412396
123710230
123291127
70092687
106015766
102513620
30938030
40085007
32638727
80290632
126459408
86173667
32094696
111818197
106359167
99041133
109032088
103967541
114152477
118802814
77919289
124919810
130698498
53012639
70510333
101967019
18257261
126711360
80483139
41226668
132500276
78551299
8061615
95017631
57314480
125326752
130153964
31078742
78910183
125631067
82841337
103567964
45958018
55390061
123843918
115153928
135337965
10911934
114240013
33638650
24474509
120913845
43007981
133396047
134680285
97346471
109644987
74650310
23648744
83306316
115709041
110973305
116362192
68721924
106909468
4426573
84976869
9935527
134758717
38040401
37481782
139261215
76093903
84305456
12796597
89968957
11970472
116361391
116595107
82815319
141950927
126544723
66887344
117484143
63032661
127828797
114801258
55520507
54110946
36842122
136241621
142848961
110795862
62343901
109782807
122591787
30612252
145263653
77292059
73285218
121189626
20264820
46832043
142427176
65622285
84807833
146098994
140792663
72625136
113324482
115588550
89985825
144551867
127510342
114648792
27604041
87578772
107287608
108843647
140621152
99918763
143882216
146819204
14364996
35482986
146486558
146463737
135165820
146519274
144572163
84997394
129988049
63309976
84947874
19732861
146532074
79746075
102910401
75934820
118902968
118950594
138125785
70056035
152704226
77486450
152622464
152002222
122935252
141640757
116734628
130713301
135822822
147138538
1151539
114498575
10426789
144265812
146884345
142992086
69113057
109825741
68008076
128562446
149235921
151775746
134696019
69195679
141337688
155223992
114777199
9359837
73825765
151293718
102637898
124357364
153470369
43680918
130307747
10718470
10758112
155118634
116050941
160460229
131400601
14878723
73681125
46610123
7300370
161726479
86087714
134659919
142502107
162751646
33473681
82686870
130859559
119868903
23144736
154849579
147403144
95192574
155061173
13804443
79823663
110617456
127235701
134537497
93648493
155017898
137887252
85393107
110621913
135790725
138772227
1148195
136895505
79237474
142075561
156659423
113149300
142805426
141527252
7016733
158192444
120645406
1188733
137937587
45868136
35670123
112831975
29164595
118876471
162777802
141824588
168035917
161678351
46356411
46344999
14821940
10766035
159437047
12728345
165473396
129320624
80751727
153110557
129593057
160280936
26272985
165552688
163672594
17192203
148694844
109211612
148494412
173175372
151629295
165781538
98980897
152710540
137458456
105573638
168530504
6128659
17174050
167843293
125602379
36641923
93487389
93661417
96562395
47463824
171629638
169071928
151708570
147696631
169644165
156074584
103492755
172555813
5427551
162629284
168882918
83747273
80775251
173493512
160769502
169785816
86296313
60537276
178133855
118031690
182998018
91253766
32504245
162318520
104896099
160832724
119189072
60816077
154096326
152142665
118278322
163730234
111190428
106028248
92814504
166957472
15123169
180086239
121196575
121342421
109761258
44010227
125357380
41317312
38614449
9410316
161554763
162368766
168438426
183291992
138441605
46383214
134322566
119354596
1186487
103634033
180852703
57241846
167945642
26321039
67489056
154213482
156300552
61840914
165228449
177299585
58419928
153130633
139965595
18809414
3782881
120445622
168858540
174487988
182251117
181816381
178982943
11749563
184833886
178857861
85097085
116061192
122451351
172893082
162209758
95171109
174492548
180382838
180757129
181127205
185740893
186061555
127301728
79984586
138774207
163524033
58376643
54567579
184328043
46475474
158383006
44763399
125122268
32230208
162005099
186851878
179929997
179873740
183326410
4517558
118153525
180454125
182666971
161414128
165651988
179688163
105843441
182059128
189168407
194790882
2453191
173573691
173622043
38729796
164538547
104742613
183113445
130814842
194110611
163430789
120375122
27171158
194186952
200398062
196887586
159404079
171747154
84253117
195836773
178464184
190821631
180754412
182895238
146319236
199037071
207931272
199808518
197870145
175357481
198180800
143326960
203401840
51380545
198211248
56675209
151279665
195498659
24913487
208026175
120341413
161175388
180317363
188082626
198737610
141244428
1180043
197776703
190007411
192373473
150586834
202530830
204652441
189927017
151202203
193472485
196648755
13660710
116149638
179963390
206271247
187581360
183866853
47745273
826651
60471724
47750520
212264315
69776248
193881251
189451397
198902791
180732827
205265107
34025007
18436173
161620219
175719485
198029706
148419862
1066037
134739930
145606679
210255109
216894451
201747156
212444521
149405130
217005631
189123142
188226347
47228252
94970363
218077850
218179566
157883138
223219620
19015028
226822709
19538936
186540591
180195288
210057683
184340251
206180738
134745991
138886031
40549217
208259529
186337515
65938651
204364412
124424342
222695637
205162853
115515735
224924408
212571591
221420265
146414968
187539651
80167739
197417276
213375770
51279373
207085055
47495539
225456387
228582534
202810771
226155786
117311681
33982432
222348517
216112481
227435067
226667767
133846366
151966875
193091717
156383943
235032196
2309845
201763538
209874848
227628624
19609110
78844109
166265436
201869961
72478490
60243807
235714720
233599883
60872570
218810754
232756285
196991738
7791213
10605069
233215118
233040253
50816613
199556046
228852700
219680846
230532623
11742942
88250412
243962900
214810204
240622950
165441247
102854576
241796903
195230717
228655890
241225627
149901770
76562894
210293722
242597668
90807870
210555853
176840878
182765428
229174706
244866087
211835327
216005110
56509465
136229071
180935984
247791192
172668698
236235286
208840585
228341916
247653059
233856098
218267409
11735188
185959703
55997485
189464086
242564735
228918331
248770307
235090716
64994012
213775399
245375443
175252247
253268502
178891534
146780055
161593676
177548990
221882574
76025023
251761629
59515667
250781950
237490702
180211812
231920636
131833543
58605471
212289282
250874328
73118747
241992645
108428760
142953764
186126423
123924529
137494424
248044094
139073677
240580703
138741063
164552114
232994490
233994427
186722359
53532114
254749866
81888955
171349878
67442025
255229520
170465725
78818316
256192152
22916334
151799814
244939420
212264714
160424422
235264585
247082471
253145274
112013858
90811992
160834666
146555679
239602327
221841449
236969485
147844785
239554369
243148940
94270059
30835438
218114497
256774586
215675232
171071540
181431661
242208469
233182962
191519172
164333452
237589976
215107821
263913928
70979993
178726997
226522090
202020042
74466092
40994920
261441380
101030773
262471548
227076757
263286962
127854636
265149596
223203181
265727825
26752674
259792530
115223760
189141303
190439855
230679824
210457882
188011175
90827273
102447329
216831371
253495545
171159953
92066371
250082237
84884498
65254654
92866432
249875584
50315466
176383500
64674170
251766146
267799785
273499581
243751274
245768849
40612116
242458706
253713658
22098252
5123277
255221814
196698235
246604757
200924002
274023637
275920487
200132626
276319383
65314637
141453124
247909529
141722501
254316980
168146124
116659473
276323894
231300035
281313597
212909018
277651946
176309460
198089316
264794591
94966382
282085173
254471926
50290168
277982853
279432036
262360942
270814183
263231729
96043528
40055335
147312509
265559450
280164083
22027881
278427558
255591900
245119974
164541154
37977241
263841433
255131810
180490372
280866307
144465819
201379128
283405016
268498251
19106376
62323185
197639183
232436282
236281721
203314503
278460140
149988807
264908915
281120090
150880614
183556394
210189532
287696446
284418150
157735711
3763548
135436477
248511318
192384027
291070813
285309970
35048956
291620135
266291126
124433677
153066542
281941251
140098206
138177935
171887826
269816687
192978078
296855836
208582897
256995173
170893270
244621104
273867110
256832330
194054222
291182412
296293016
293906730
184512806
109917320
295462222
171420914
222456172
20086514
209761936
146881530
65118195
299161141
272135106
277208373
296480264
280005371
223594253
99044704
304379664
193325848
129681694
172798814
155843895
221639189
195015856
145567503
279212312
304374882
184598622
150915602
82275267
233011918
299635997
46519008
207513152
224774947
69980744
298543615
236750455
299827930
284581610
235999172
193313205
296352618
308101820
127740829
309056542
304800196
252191961
133678773
303834022
271448735
275603106
11734510
90250400
304595915
85330781
287733280
185363114
36269746
150915816
113865488
222626923
315321204
254368736
309811883
315222472
143258380
59979525
310516506
286349457
144130606
223249777
316965298
268551182
302783940
310346928
224155341
142330046
301528608
291919735
104957625
201800285
4525004
265145146
278152807
220777295
287100627
291824234
214316617
248759826
27185595
297013137
200714719
102207300
91580816
309370117
262308323
87537605
59038681
92816418
296203434
147548603
319916397
204147756
319049484
314428971
277371423
302608067
270636740
95587113
266297995
328606688
87581794
171427542
321183052
318864931
308163471
332233105
321289653
210782076
213810439
17346523
154831801
259246824
308713589
99817399
169005772
332164887
310339213
134868245
211208279
301129839
330794935
150564894
325049261
313175893
329893537
95678102
167140624
304264500
337298061
61353561
290478388
337870142
188957556
226919714
230389866
267197674
256276050
330062637
286229342
311291750
310642512
98201083
310323593
222453163
286932543
312590929
336733335
214355092
32499401
237608844
262361984
205429561
335202666
303270991
273759992
34360770
334064217
242193434
245147719
343030364
333791721
329816622
35431005
304502262
302011384
291573896
52160663
309908330
143170480
311821746
202134201
106752405
205698782
180648143
218064517
248505936
250035585
324080381
169054078
100147330
155592864
286771355
103189287
355414183
181900368
344855767
82364528
111058784
186438698
232814382
341305170
293179054
264679739
265133461
180837902
40492497
317355539
355772898
349391455
355023099
212688665
264542239
346802322
250089559
305085905
269032421
249741102
347403494
318780600
