244381
82891
751746
220600
217338
211277
303525
22774
2075501
1280781
3849341
842381
2893313
3670676
3347081
4110300
2923553
5222529
4026937
5142436
5338025
5632769
5718971
5603174
6121419
4947210
3169470
3974172
7643109
2057463
7437427
5994346
6550710
4475615
7209331
8078633
10648812
7531104
3822635
11923108
9852504
13807999
11495992
13039277
6585014
12459014
10965098
9881686
3329479
8180538
5421898
6621037
10709340
13035635
11013715
13780810
6618614
7272471
12974600
15321744
13550677
15103408
5191692
7198732
13271991
5460696
11158924
10169977
19491272
19808608
18346776
5242810
8855655
20492507
21048274
5867830
22046698
19444556
19628224
20900517
16159813
19715377
19565045
23286708
13249533
557
5792304
11434901
8051879
20266030
20271188
18342606
18399728
24832011
19144007
14455907
26038944
17408248
5097549
18554640
9752734
23484899
10905647
29372854
18030092
22597515
7712506
8188207
4593319
24630604
27954611
18896073
25817136
6385919
16091735
30964392
32985048
5939823
64978
7737915
30324921
24890236
20905250
34652323
11779391
24315533
17488142
11494838
95188
29793568
30638196
2874001
37314430
22807006
29825903
31559623
35628157
35526371
19264794
18819901
12641895
7265076
19205903
11358480
22293650
31110704
22163196
23542340
15042065
46688166
12626532
46711689
17067352
31969886
34767106
45558265
10314098
13459291
40211483
28539595
18307173
18015078
39202088
31276925
27904582
41797300
37808798
48891397
35178624
35275748
36995884
28762609
47291181
42540942
46446921
52528994
30705065
48022353
27356862
10396585
797018
48690740
37053655
15359581
50679746
28173010
1040058
17585427
768330
32396677
51386593
35006402
49914969
26603932
12860559
60351271
11877399
11940456
55505907
57703766
26000115
16800501
970923
30233248
55495521
48521896
14342453
7571843
50971015
58681663
34627101
35852389
34736327
34725845
21955089
6859290
61081112
36194016
20648305
59319293
41638729
41859006
15881510
17051499
21539841
18695105
57151168
50138625
12523054
26590363
14711371
66444935
68208813
45313451
59564465
11296567
52557918
43238703
55668364
69940186
18868205
61746395
43048171
46128324
36983421
70861443
71742338
28073184
26874374
28049680
61255079
24052912
60664866
21454873
71747289
47969139
20718999
31705641
72040738
69326533
33181785
53934095
15928241
52878612
39250433
41343990
57346250
39450789
57860155
39237820
61877226
19362737
52896839
65658630
18786
74595616
65705597
72087497
39760560
27041181
30123662
76400193
73822865
10259305
66608795
41335772
75137263
55948163
15875522
35254444
73927884
78824813
71914737
79183813
56483565
20103695
63743734
45234279
63845160
1625148
7950
34796613
20381573
72452929
39375870
67103022
2435652
63860682
69142447
78569258
83171325
35437772
58073235
54162886
76562120
82307927
41092822
65636507
55238450
19614375
50327048
58200592
3710452
81521225
86015230
73094108
41104659
55048886
65358566
1624531
16992528
34772375
88513636
58088462
23253883
90361274
40825822
85495617
60230468
31886484
53100007
44126185
52662105
74863648
24947604
32783956
48148246
58371239
72491864
91547544
21572958
89005540
55629360
42917303
76486749
45931372
28181802
94133453
57870983
18193682
41752452
93564395
91449232
22512805
64596626
82540984
62487889
83354903
100319536
54744911
16386332
36718546
78236869
57490917
99661239
103122694
95874646
92238094
91998303
92105313
44146218
100944352
29597828
68165941
57811712
105731779
102571965
35897313
102075856
25915382
109992482
85859537
50869709
78277149
69712306
40785965
23424528
59655579
51247690
24096548
81024305
98007138
103052246
60452440
78847146
39916710
91288273
26455703
63531791
28409731
54793651
24419436
84602428
103623825
66327300
67589025
38459968
58036405
112716714
28230724
26785302
109195731
49145356
41675231
54184374
46452620
110340974
24132242
76823013
117976216
117663295
24783654
24778611
88985527
114622933
27923640
75792248
104102890
107910371
93574676
113144301
34588444
29289409
121947781
115288997
80404396
41313824
90353785
90329775
44535924
96185913
4102612
115529879
119082301
107928759
116596441
24172111
60935497
93980875
117807478
51326454
67758814
118467070
118153090
41086339
100383131
112753830
43303114
120315189
72415609
124692259
45304533
111780903
121222083
113667723
111814177
34221445
110894989
95429172
55243074
89164442
73187523
112819864
86599419
125032470
31386870
48218923
4735502
111205505
75641720
129805163
94319581
89850864
31768395
80192627
62229294
121734029
63931234
41175823
138017484
56926268
27268929
138371397
72785346
127894641
50754707
131839675
124824944
134346605
133293559
50948962
78735137
118600984
103963833
82684260
118039689
137419966
134518462
134251133
142911460
19368585
119426693
110010991
118693736
128510156
53996111
106651342
124724812
82730053
137052292
140323626
65721305
27113171
80435141
37937096
148184805
66606040
54442361
126707693
53745856
50335630
94653335
144013952
83572218
141052045
141356103
150827164
113912752
90870654
89370519
48478877
123482304
144871770
96399960
114582568
145013367
80327790
151108087
144312604
48898615
87451946
126449655
59196947
135103983
71687388
95932060
78102340
92157258
40131212
125229355
153430438
112544685
88523643
41715702
85121133
13153794
118302080
49311853
114466151
89342747
6589302
70939821
124133675
86500059
156880550
83268441
62562216
155683355
62281796
110727692
159164054
159858203
129572700
111091487
49309452
122661757
155902627
28288244
153379631
147313111
78756471
55092254
151180469
128366408
116870003
70058317
64931970
139606832
75183870
141395650
33950362
148410092
98539440
138986645
153060947
103531448
123122693
165497109
101294643
151692265
17520084
102793015
141519783
73097397
103497537
141374564
104378553
127795336
106516396
88843483
110080204
123492066
29762236
46462051
145079376
65308547
50829896
130965672
24656951
153931050
38778469
160793304
136255175
100625344
145584828
125674862
172840002
102296382
86828976
17984265
172804242
161684121
36825979
152037170
118818896
83191642
33640175
148192181
94861739
67730227
150159236
25532462
125493557
107434938
177307092
140290787
165128483
116630782
37672700
66819735
61210341
83734224
4777371
83790123
4844252
177139277
162980558
176938622
39617988
152385083
66707181
135633546
153657691
30085600
141136791
150247922
166254579
154459622
143114978
154612661
170049622
157899852
109478853
96463723
152470156
17996854
162478374
151213096
128536445
135144104
16106800
103261984
182963951
174753259
129772481
170570243
172547684
84461705
63818564
34342210
88917857
35550099
30100971
178998546
173074120
91903043
79333269
189290493
152045081
176979755
169676300
85680881
114249109
36169657
142551554
111798092
175340385
176346011
169138879
76695306
90076644
193639158
122103728
193957199
35801091
108177704
91347988
39802112
183407414
104004756
167078082
92183847
162849403
185342797
195851015
81293117
182491569
30367677
137754202
52218906
123507118
158226689
167009145
59023591
182262388
171620147
180888340
67485040
114691428
87244225
195897367
50079013
133758146
142531236
116265466
80950578
108815208
21231315
7529645
182582384
44346647
192530861
173085435
141852956
40825344
195423973
149079102
185239077
15330297
173725635
7181487
128729114
205493617
113964951
126285606
32080322
189261143
114925176
109412818
182823947
183050922
190679647
207148836
74121981
40510428
167536370
45443484
156922442
152561002
74857076
146293744
205760653
126110497
156808042
146711530
172138647
152581517
137909859
126158109
1660559
195052324
142683632
145318119
71125606
107332075
97956203
146778730
188935786
16886537
110175802
103928369
192996605
196664935
75046516
88511907
202852511
193289434
195582710
125360455
81994962
128364026
94136563
202149189
182146049
153898292
167002758
145944304
14818576
70200974
86909864
100475529
169850527
30297605
144244219
101785111
139354687
191472437
138210039
120586161
51135618
177181704
34385032
208604086
217194955
213222868
79630303
60630958
131105530
92430084
155309697
121130468
50458298
78472219
173679300
161473859
11559239
35321169
7914326
79815085
47013143
219736812
72170116
191231403
216519778
100781759
104807398
195761085
27966510
214628062
189684819
32393360
134844863
135066899
93235710
203329192
193565581
97103311
188319403
116704799
94683104
45235257
210020505
204965625
193778552
126112181
212024668
49306350
223648733
224075223
153734976
196566344
223846906
85512763
69642557
55515830
134641760
167539089
206195436
158624016
51749291
101336410
208594224
198950834
219690904
213254780
217788877
107456219
137537417
79296086
169866775
193166956
160799168
227441594
160946785
95632885
5779550
199852431
202063613
215272852
199378026
68839007
7833907
192599628
202380879
211872001
222425120
200441566
213162296
179920921
139927839
30344223
221951171
53139425
187006070
171097416
155924029
224578748
221798770
141163909
4763614
210160586
196243024
56550468
157317128
224273294
64240018
84676024
90254260
235277291
237555425
76187302
30616844
226634211
193276975
197140168
205892270
16106271
131525189
83245329
198404384
110471576
220516741
5391549
103106747
38517273
138473265
217008384
169890829
55321962
103494640
201069617
238868761
210550113
134095083
145125487
241212995
247494509
154221887
227815917
198657128
87876928
147714935
58828338
106781948
146600686
195186381
41554573
9203670
125318478
175988082
145400828
53328047
221805419
220201459
186380542
172970944
243158158
234440290
249205999
193360249
73139522
222552377
222645922
232598719
210455532
177817425
20735638
243434619
242134459
193805941
243433172
183384499
250660205
189581768
157406806
251559948
197586494
233433110
133272422
41219684
118509236
41564640
139886468
224267026
187763238
228385500
180176201
244389185
141895767
233639486
244071213
245054071
2775951
207207334
230536477
107931245
188496866
152818168
195736537
207519827
129177951
94885778
108345016
259394031
249187222
136604152
256574520
95097349
231308630
203338606
230774976
78065771
250172355
2780457
260993310
240575096
85067073
157953057
187812173
158697864
77393216
250291423
138435933
230084697
185575736
246959434
58755301
63255890
206691521
242770825
161408670
9095010
201920698
264324594
253256698
159472492
247591002
114283414
205283390
233247760
184202439
198095151
253234484
247304260
205336411
239810265
167120181
234638444
74449785
198629370
211514516
219330189
112097494
124401337
112872898
121137539
267672892
265690205
41166077
80781337
199307356
166826993
265115772
218106383
65002966
2785082
245635173
251469368
226980991
253595988
1341426
253881307
224695078
268575992
169424334
179421336
125346777
270675031
42426588
146194167
159476235
198831004
174348719
7974148
146556073
184637800
247195840
58736771
173013181
146241899
248314405
272880762
107609957
46123298
255758433
261639667
260873124
248550514
83476436
258904926
172644833
258647737
88353104
213326182
80571228
258823047
205633534
159041718
173435197
252431786
266366629
256508321
253213315
173209411
89475807
17848765
128230641
280147490
213122862
276080784
73327701
135207742
250503009
211926532
274882353
258646616
144264925
99632712
29025107
178347317
188799110
253792074
134948686
176765507
215755869
210608090
206821309
256959671
179509043
176047921
265429472
124900166
73402571
7888835
175254897
281571348
111811269
163459031
34351093
29924939
162052081
21643736
153819577
235125701
257193986
47579797
9087693
96549801
290642762
269506220
249078168
27692737
213927389
269452058
253182529
180693087
223168344
184815565
132174038
3615167
282922411
7845810
25202264
178806151
7850028
236843083
58486767
195301270
148398037
210684771
211871640
138036152
216605049
185527933
63415205
278251550
203588917
93008773
249342568
229336020
267590636
139280218
167646041
212842220
220540181
235570492
260472349
289100586
77460209
280087257
297707695
123109520
204621269
283458825
298281987
148622437
272769655
248554442
240485828
222144354
178469527
286058085
7800745
296494098
164908315
269864003
142157238
188259455
241390219
196157430
285312458
283924102
293073807
135791221
303789309
101263319
69195401
185200554
288025249
278441816
290909372
263787597
242644033
287836234
247904901
282183359
66405877
288175839
231100707
91016277
265357794
52351887
297086229
102156885
111969496
124444459
167204592
237441139
147498798
33540915
203663059
263520144
24519189
88882228
294492243
211503899
295314959
237465090
154051687
289670967
238996342
94880124
72399491
298664226
