43591
776894
791831
767850
1656857
37244
2653062
5190551
4069740
3545167
4965489
6136505
6971169
4597412
5692116
398955
10018394
6097419
6929335
10023199
7309981
6893331
10005294
7030203
9071533
6845393
7049287
8851389
6123397
5884448
4927872
6398071
6170280
6106765
3145357
3125657
8780713
3231883
8384140
12462355
9486510
9465274
12483254
10564585
14675150
2885408
7511864
9046552
11781745
9550465
7463373
8454382
7480105
8595257
13370439
10052181
4296174
8420425
13704886
9133827
390386
3772076
2832426
4322549
9161076
11161297
10453270
11647801
2824020
9061444
11870983
4520739
8184022
3392505
11419109
10206136
10913545
10263124
11664863
2661677
3789358
10616224
14311052
15959524
7613565
12450735
2909123
15950475
8599268
15577807
16600295
16144211
12288754
7294020
13394304
14482697
13187186
409366
18802140
15508507
14458630
16581526
9512854
13756828
14348781
14508374
13982812
7012197
10308227
15868576
20194164
15446719
15538399
21036936
17476242
19875095
2645671
13474714
20651287
16176734
15581762
16276844
14988847
14923611
15732285
17839622
17813082
16767049
13702762
19359649
18470366
17084888
8094839
13213843
24372194
24731920
14807136
10152987
16056141
24650700
13840533
21497200
21372008
22905595
20727981
21765774
4496485
24556792
4403117
28193191
4405579
21664900
23362750
24058150
22220212
22485484
24571223
22537357
25011187
20538370
25270350
27755094
27710810
27362201
15273097
28344146
5205485
14508798
20050252
28381585
30224103
33589961
24136631
32751162
31018535
28933752
32909071
20666295
1021416
30424590
2066807
31564472
31088119
7500488
29484175
21632299
34036517
33950115
32834149
32804743
37562968
38435500
5581311
15343496
9581869
31257173
38263169
32505420
32521138
8589573
41373105
43602484
40025337
39646161
40757413
35205548
28212955
993204
42155275
40697832
22569088
30733151
7661889
36978759
23873175
42669711
7458609
43991334
1871575
45223345
39962845
42904714
2611000
30169622
1549916
42517575
42957516
11270108
49719739
46800116
42260862
45814395
49484968
37889364
20222159
34949751
40101916
41482271
51716199
30209065
20623096
890807
9409123
54210045
51628543
39047337
40105935
19830854
55499888
52502089
50427182
47920976
39285110
47906418
50954615
54491736
13378046
45114642
34093242
44718462
56735888
44759167
28654472
9424224
28717799
35306674
56706562
47240372
27918457
10162738
52741821
27282602
10722422
18790647
36825757
56591678
4014924
49466882
29015720
41368035
36930763
46092005
4086044
54978498
56865938
21426669
58911387
21896215
57681253
57598517
57946167
56491115
56376337
43686874
56368986
51808650
51198163
27748894
56422684
24288743
51836729
38567472
57676692
35426
59804222
53769812
61536018
12643043
56824779
24615461
53220808
59010980
62254905
26709813
62463162
57140881
54106199
61541557
50894509
51542086
47386691
31928455
56729247
52736487
4575163
40475781
57135025
13652970
62599828
49466169
55079927
65263106
54935215
62279364
63346970
42831468
66147107
52619514
7620745
56955684
66576486
25917009
58733975
67123672
45479377
67603088
31010561
69962304
55105134
61054473
58726079
67359948
31426646
12242633
53665465
46702576
70608133
67889183
62308665
63792592
69629901
64377614
72172002
64511073
71279066
49738943
8485394
73085640
48679071
69390583
21875347
25769928
38170545
69811928
63059476
2183311
73590905
76580738
74264076
65311009
63800801
65509317
72741868
59980444
64734421
74671861
65195428
65129213
60372414
71682835
71640377
65490782
65491369
75266828
62133158
6315775
67647243
7625426
66051687
63928346
75807546
66722293
13469639
73235249
5238843
34327109
38791906
5217402
20751514
78812893
74335771
59998464
76638750
23028392
63130498
73958837
75112680
57967227
70681592
75547388
5189022
65376388
2809296
62130252
17734826
68441598
59442293
71345138
56053141
56525442
24071923
54485918
18511867
83871521
75717326
76983030
32470787
77274379
73442583
63079639
78373883
52650165
60373717
5734758
3964079
82145620
74425011
78998262
8489380
86493973
75142216
66298236
76487207
76501240
86465771
81009816
70587775
85694815
44057746
77015747
66979764
79045716
24184398
59648295
78027667
92102347
31956985
91889419
88525301
12436840
40781873
84498188
81215579
85650606
79668820
89735768
80702159
78340279
49224990
84760767
77359382
76215684
30122485
95668384
92840522
93176105
95259926
5411860
78488434
10191256
98167237
88912412
76207989
49379614
91717946
80335794
53074153
97303020
62248886
6518874
1540312
86995842
20043921
90429577
89340710
99761260
90128600
2105931
66159759
52101266
98523698
88788350
99419650
95569974
46355723
30306540
90118836
90035204
3997182
5225294
91533513
94343391
100571313
98189810
64248838
96601035
11974635
105383912
104718381
103310723
97974784
75763801
103359164
86075887
9655170
95387931
107432006
85184142
91636071
102975320
67142661
111856595
89928932
23379200
106707222
94459479
108265845
103330573
56183787
109585268
109871570
95726703
49857563
10252253
110151246
108297690
26966883
19568785
62474544
112019408
62463184
23422015
101387959
92821090
110321190
106940877
77765327
114306265
33781291
115173493
90740458
116022269
73228089
112528713
115018841
90103899
66917873
102082802
111819713
96069714
47159386
60900278
79600015
117739232
111513427
46540356
117075660
116378221
104996284
5260361
34523542
17258407
121292598
93950737
5167278
54028635
120529319
70847087
101996467
120527484
120492282
123059670
35846807
21330264
40620109
108499215
108026858
15899743
125546460
100095164
125397272
129045104
124154844
118560727
62856301
127727872
116638722
74980201
129857726
125554490
117297034
80736477
18923466
130252960
110854849
62359086
132173040
107221403
33505663
130110758
104277218
102321941
14546686
90088198
126707444
134156710
99492618
139179602
76263950
136808650
84307231
117911770
52576366
137432137
135347141
124668789
131130213
140334915
81300952
138021264
122635029
136743715
111146466
126173311
133163096
57148094
116096015
139445081
48527966
80517487
81936678
129704398
22250040
96492387
140972756
121433301
10245780
94975311
120895487
53484523
142110974
143790529
147038258
125512371
147561527
65273211
142452548
121429805
129105466
30187234
62326706
121264389
27235519
10092403
101576542
128849577
126834326
116952732
129779330
147255943
115016531
142731947
26583572
118753732
148768230
59062401
134634234
31874433
1367688
136887908
112054521
7347836
110043596
115419522
132438106
135450291
21805598
149527615
138208830
108899218
132107226
155086091
62576110
147139891
129963892
117767177
41055412
41278750
132609714
94890471
137372540
52243712
126916219
157959135
90453812
125842037
138585506
132007524
129168891
27163669
140529891
129062510
122858616
126649087
77360409
127057964
109326819
53866507
129066108
156741315
158414763
117302408
58589450
166128489
29621516
137367703
104610224
88017523
123083562
40895204
165008627
154833580
160885694
158115806
111853229
101539377
80244405
165009472
117126803
168098989
171143728
161931565
106884100
167661827
112005331
15267987
172052439
72482809
132164259
42767543
170323817
35741315
168610254
130569813
67694157
19607180
67645587
46976629
106742656
72675825
30060177
154178255
166496878
114333372
120149538
130716037
65627248
170606059
149060267
4470319
75387990
160409762
162074559
172528591
78239455
170624181
136370765
42692199
109333766
109371048
23855145
122479758
181145902
44903554
96323341
71966867
162595184
173145832
22763214
89691835
122521238
172589627
92211082
165660016
177863221
184618084
177371442
183019342
171093494
188035415
48139359
49519747
50337781
176960771
135146918
190004721
156801055
109402556
186773452
161346217
184060919
96585025
192411140
147808226
185466089
145153428
70299322
183287323
165066384
52523696
123491044
184907085
144074251
184210987
161765207
95992335
162228975
23650561
166276244
88927004
158172400
140707974
45386647
96692869
172498895
183782369
173620907
111138089
191312650
176568413
56573439
184196045
184109915
98406414
189470606
7541518
190566569
72398774
192995401
176719339
147113324
191302399
66741391
172669961
187685433
149685368
133487846
189565416
21890232
15987267
93351383
107132478
112076188
186971050
51414310
191843342
126298629
75417067
188997193
150283035
171942429
181193743
157624867
158690442
156104490
75688701
3575707
75728233
29614944
152542058
23817474
46680589
175651580
201163282
46566052
131101293
173346022
200041228
175745449
178319866
156448655
187552173
112240239
189796166
42712780
206239972
209821141
137741522
193493862
70728436
176202112
144173840
206998450
171724918
197390678
190843964
126763258
168226672
169091577
173243079
8398711
146661678
32383575
214532474
180297134
52579262
136806814
1490528
87700553
77648716
204658688
2307061
167922770
165884706
161776190
10165627
35671430
199199701
198986171
196239263
204395863
213346983
98058011
191186727
107506860
216897307
101764452
179190443
174435629
214924686
203443445
92076469
165066238
206443051
193900132
12923481
28933023
35679422
161850115
182206371
194994572
206064033
161075076
27127516
139602684
197589516
130014057
137079369
145954051
134004640
170913582
199956152
65695006
223953550
149067901
41543032
192452908
211065476
215962357
80828167
179363736
218815503
3193283
172698781
207395874
219972133
28629178
142297078
