89568
49588
37971
1261880
51633
2139073
1101192
16628
94890
1086394
1679695
645587
1146872
2135137
2187230
561547
4201813
600106
2485481
1671090
2236450
2051592
1626953
2642033
1674643
44863
5206330
1627549
4068208
2423051
1611070
2462214
5127071
2235662
4546173
4514032
6262460
4925048
4501619
10190076
12037598
12048138
8200795
6391395
6431188
12693403
6831684
4561819
1006082
12276669
8376012
13389756
8277539
5215117
9579287
5230787
16925066
5191922
14357810
16885149
11944058
14216448
9555429
11966384
8946087
13806961
11944456
9128124
9657556
84098
10745102
9143838
5548391
18001105
16026329
2559910
11171695
11325182
15979354
15164337
11078844
4392267
11758816
11178429
13492772
9027648
13501697
6054317
18666496
13248918
11003437
6447577
18614901
13961532
5373116
6653097
24521514
14095449
3864970
22812233
20914722
8140392
14898355
11279194
29838886
17265086
26820887
19805181
27480772
11298380
13981348
23295150
8065017
12091436
18310983
5734448
22666454
14589938
31426392
5673269
31673
19026027
5231641
3222098
35004151
32184414
20232702
9246414
31026008
21569974
9491769
11472697
32691924
34965133
25708257
34571487
21604461
16445004
35629131
25860565
34114055
35965570
3970716
32479408
26931539
22819257
33114448
35580724
27619195
9223026
22359540
37808134
26831874
6178384
26959371
50959
33257472
22305507
9514805
38159319
17124402
19415327
26838695
8102769
6116395
25801202
36733980
14065361
25764528
8425512
38619270
25611548
14230517
40517793
3824406
30600281
34316427
39193863
40592121
21802521
30053905
18027047
21888603
38869409
3260063
41191376
47002105
18366698
46692979
45895448
44155248
19793174
46929528
22383257
35799455
30692436
32969534
27304805
53415028
23285003
38534361
30553052
47178749
20721562
16325482
49932525
43565941
21182236
37053497
15913016
34485994
12894548
10805769
48995882
9193876
16422455
55041822
50705473
52840508
40670169
44178909
51540554
55937178
53183862
39562871
26440721
44297443
54711071
46194811
14837638
42132681
55976434
9967175
39684292
57001007
44628283
45408846
41985135
36624762
56331982
57214006
46493803
19898209
39536920
48448096
55878852
63259302
7648691
59697070
62233722
34165160
14575669
10034608
59251288
46466864
48729662
64392390
65229585
59168168
54841315
10408533
31045902
62086546
53281053
7667636
63838890
66752492
64899181
63875012
17442505
54033781
47939903
56792732
60072937
63961136
55060405
32067763
54238638
74992571
75900813
69285376
72962478
36839155
57899226
9093872
54195682
35435410
65030445
78629354
74376891
61885019
57967515
23362308
54106140
64904330
32697137
58456548
70095733
62196048
73612926
44718741
30010125
61594981
71267412
56849582
58907875
66160385
75335105
25154387
51701836
68936557
52606641
28070103
71236696
79488767
79554545
35043599
82222258
52550114
55444573
50309750
82920957
83880293
80412891
40677703
26944235
59579912
79339970
59590418
66273388
38786925
82285619
66698768
45623536
73130452
15018798
39845503
86647712
75781178
92701563
68985625
91237862
15017092
74090010
28049860
34350263
83373953
39960272
92739669
87049313
94439814
41713231
88996518
18279555
38701151
62559749
92356524
77510838
84689971
70479054
61832519
51885088
78257942
47557323
23136042
95548576
54480096
47664040
70584118
86210641
83832624
90715968
10106233
55610763
95430778
63825753
31687647
82404028
65257214
91501949
83719447
77303238
26309641
30014266
59868745
55624979
95050346
97310691
83061492
16203508
79540944
70983031
90311009
100357998
64750457
60455886
70437721
8999498
72997710
11259351
11757063
27487719
101656198
25090006
76477000
36635741
101182486
89227068
94898472
97887074
49955297
101670716
74071458
12253624
42443866
69938731
11302312
36873199
101217650
84025336
55778023
75168185
97984182
87973776
65487665
98821016
104966951
82065157
94447798
101944970
77562800
25872594
101577552
62737369
82253280
82763981
95545575
82329388
63546196
105532720
70192756
88661401
82699965
81627127
103586672
57351031
75750459
100323964
47749126
89990920
91030092
86832269
102172333
109490763
111430938
20780295
109474375
108851567
30421175
16362855
113436346
101930645
88081873
105760988
62625406
114293074
89020870
103533924
89442369
57028479
59137799
92536923
116882208
113194870
95900662
107623465
56838132
54329943
115887572
21883288
68515177
82829875
119436692
46815823
25564459
90797190
115064848
66288365
107881038
116603819
36665444
75122328
73449297
122016426
108760110
27196719
87725230
89932798
106764552
60421611
91483483
71667055
100044085
67026063
80485927
23468159
125134880
102107139
113056087
107399213
117676769
107088283
76902204
97707396
104659588
19184352
25105668
42349650
128279202
82428546
129820958
96077398
65043312
87131490
123806214
41790464
114868899
125925273
88641846
121662470
128659244
63274175
82452218
115785970
76946914
116413880
124403349
128667711
53219147
79988468
93456407
92631478
128416233
25148032
57200459
91290725
78884428
103303365
86394497
84503776
120025586
35450962
9902178
6297147
107207515
71202394
56251783
126266006
18908844
119385609
85714513
51770133
127431856
104103181
73948887
38986862
98795124
28674026
86964116
135404819
129402544
23311817
95255861
57913525
74365033
76624966
88063393
129122740
137739309
45533975
136466283
131161003
50867842
36085559
139576323
136233690
124781202
94125270
143457803
128938306
17174150
23779746
5662326
84369225
80256640
99524453
43661457
141506387
135259679
86068923
138087651
86411084
113040231
142460747
47011313
29236197
131651341
95498752
40665640
101412810
13246418
20265602
141717847
85200798
144266813
25846121
50182323
127988027
137538501
145479400
127623435
56086613
93818696
114893526
116181345
1084809
153515772
96353210
156933466
73124865
92973981
126708697
106444907
50494898
146979282
106393852
85457173
82802554
83529743
94101823
101577868
159808552
122092575
67399866
90250761
17528670
133659985
158532486
130309593
133639730
143169686
31566209
158848744
130165208
83446373
165541026
157382560
69099400
132999212
65383738
63382386
112857617
168629162
145532996
158350492
75066622
151540832
3247172
112335435
49372162
153266266
69478745
141742723
104356643
92268725
164549383
85335096
80854168
129162607
10076954
85186793
170135720
159716609
169179613
171875561
170753059
167412970
92592166
157450232
137938724
1090492
81688645
70272798
59327853
46252557
142175801
21308215
137335090
81949608
118808398
17232773
26756994
89592782
82073453
165348415
98058036
167722631
142958704
120864426
140102664
169737348
142167962
107285590
107709572
65922386
90798348
144251232
26731178
140304418
176460379
23537134
71922355
91052287
133638814
30087425
66034020
139788619
87105876
56226130
159310894
5053902
95520730
55100350
9974407
4164670
145841295
85439174
177628546
163389078
40647241
32286933
47729355
176672875
125563914
109213757
1024539
100201795
174660705
132496360
163948881
167089045
179926695
162301299
183493969
84778411
55673425
28164072
155758292
180962609
70697916
82050295
5329700
174994752
190282870
102695629
94514054
129889279
182472896
80671783
149837764
187736844
100353536
73193102
186981557
176657618
58213015
171575904
104557537
145963289
128492813
185823139
99251737
187899536
196786351
58413686
160677840
5004668
94189703
159756313
192920429
41695742
162707451
28256844
149439548
129254471
58885844
103470710
50184682
186221349
35371816
85464937
113661674
139735157
161444530
126306128
124362425
67932352
54629900
89146057
196535897
172135057
157199647
163491438
104331793
46122760
197074950
158118235
63069527
95133559
72634958
30120603
94781998
199882176
197560199
178479920
68950677
1013019
193780280
189176907
175771148
66613870
178280129
92042905
59929462
194143692
199348569
46261148
194690311
199531891
152938313
46773106
199967466
84621904
121770113
42416950
86132047
203982746
112004498
116610234
173384686
102793406
155686646
146567502
173027056
186081286
95285630
199513122
74308502
197839961
112727963
158895194
182355023
205524509
127706212
87427482
116848065
111863407
197389249
76789992
182366764
73214249
157014063
191702117
189956982
169736042
138321609
29256880
207626646
201205801
203098841
190675415
106585321
88484578
103298106
198950233
205435108
67067647
55320270
116022064
166214564
191595806
194861633
198928966
165464706
199955926
22660826
12450126
203643056
153055360
67399307
120217793
33799952
190583108
212000891
80991765
39296897
121834347
99541252
212633952
201541542
145850579
194126148
163959986
126901941
121574552
167789800
214806008
44915860
163469960
117884107
108281106
21052038
94157719
181949155
129614114
69509072
44968788
22661170
146343091
64447629
124332852
22671225
192660613
194632661
75775471
215814094
112642689
191334239
114978404
178194010
136505632
33036780
212260370
110989948
97880946
209234519
204916370
23904821
138908844
222160421
178560193
189492436
179907606
141517947
78401793
206310558
109502658
215963171
168798441
218236535
116776017
118433389
203894559
213135917
204505370
109552826
94272956
97104839
203996677
149270049
222340666
218383426
204298241
107453604
189566034
210386676
195001879
217396766
217435337
222069218
115773449
192156547
142318483
53137273
33634576
219268059
71444835
186956823
199421757
201696090
76510693
98685087
222850014
190624793
227271587
219328548
127016174
90778452
65567901
139526921
60743490
69257562
221393018
188010060
155329471
106018013
131612307
11683774
232299522
227586279
127220250
90510850
228545636
156167538
207011764
139667927
122632591
79465171
184346793
229444790
138344904
190308236
86899347
25542322
20304203
128762532
34960298
228021978
158842280
101948018
227780004
45388228
239614191
75171973
221318639
150330770
234935339
131910099
128194249
232333331
116803138
229567614
130454184
223330634
221282140
228200549
235379119
2197696
131341650
117809219
204180159
188368482
236748067
200105770
246498744
210995581
160523141
203034568
244701641
238991121
213963786
241022575
132975039
120347759
112831912
236441096
107233140
20152100
239370739
17553141
20158638
245881300
57485210
174548722
214994720
241659151
44166268
36191985
246445227
146010329
156287902
205955039
41141548
213405572
244757054
111247830
116676251
52082463
133785497
76205310
156270918
194597680
156413441
239527778
147185909
228140957
244064348
238773517
130884657
247085329
28129417
248335175
245935303
44197547
177156574
215513759
50400784
250526090
231703974
254742998
249677063
251089849
35671072
216719060
148418257
237678231
124837684
247810147
246761262
217873441
140704896
212263262
83884627
255308017
98985741
244171025
152840627
163609598
186904344
195229859
63286701
18739013
206180406
108155807
128229609
251447409
218660060
212957107
245656308
16488306
70504016
76865135
185652213
247251342
64293033
232768237
20920339
72607056
204490677
20139835
220535718
193402208
192293038
185806722
128107415
117739352
261312807
259579730
195888971
11257042
255645753
196907861
129675797
124954549
262391840
108938221
205351628
114293231
87038711
269966589
150226795
262875802
167266159
45019823
25077099
112357285
257881972
151278105
209356843
63724710
79491085
83799513
20603005
216532762
185103728
12798583
221589841
47359799
134636938
268394527
99247887
248238622
196263154
102827834
114548731
115618069
203521441
270321402
251512127
171670368
257791020
279544921
100097589
179135211
238643126
68501230
273206508
190404570
33312191
275964061
174883122
274491502
270886055
128724685
248933615
250662042
280630967
165849692
224205065
278490468
166396772
173029880
218512973
229778822
119839786
158231825
23173046
195726641
269696832
278602929
126205380
218882543
177343229
15428760
134828239
270782097
43732751
176637747
22782418
91657139
270221169
36729665
170504247
202078382
57209444
283837987
287521249
122679807
113103665
273339921
239477578
295573538
76944888
135270030
42158197
287734309
286733731
9454682
120085881
282038079
77329379
293722112
188942523
259803374
22143836
280396814
75468696
280946226
128818932
252320330
177651472
228665499
288428242
299347087
268653272
291627305
122656487
195577070
163403855
62035597
293144142
295939042
33147786
232054293
44231742
144861766
266133445
242371448
274054551
270213732
232474136
196824769
303761250
123400536
242148249
251544732
57338683
205810641
124888475
172508004
138619588
266572991
162640669
145180000
261165414
176813678
287322527
215870297
184624349
146184719
141689597
173601433
108020828
142050566
245803895
105903194
310732967
104761539
209025458
302882944
136049269
239603340
287406125
36111476
307992151
179843645
265550893
210241275
168419546
248489728
187038152
308093301
164146348
39176744
224111701
173957000
48570103
69065239
173458926
107956350
26045830
318707286
275828807
167106043
24725252
255163526
155142990
34770919
189689864
206224722
96389619
269569801
236402238
175229882
200968792
256449065
179699650
233786895
253781767
13089605
132265143
257855729
179240424
316528379
125807518
237097353
255227731
225833858
246859774
272649762
201119259
301315004
33612422
312802335
126851325
196033956
103841992
232636780
39244726
329023370
194672009
326895590
252255312
101288487
277465891
279617433
309809423
182176987
70137878
28270313
87830180
323479724
325688178
279365283
314733999
293437240
84612542
206683984
85367967
266604831
335171832
275784352
220030074
244470642
77535402
334743658
271398652
125328491
261918115
31590740
266541290
192310242
291165762
82957750
164262145
270791750
121253663
255670005
331044542
283292455
274117743
281232868
257442870
293819178
330807477
272565822
161769881
162438349
160244582
40947357
256442167
315429804
196522909
66558764
57083238
328037096
88316029
338753608
338439884
228355655
334332220
180522834
281199852
285434260
167382524
273639102
335027374
122322510
211043311
342553337
231243861
280796594
340833211
330621016
342781061
271389482
192522874
229373885
113562380
189828183
179648216
300170659
286030296
197453571
329084415
117430757
189260562
2718363
337466568
189028401
346141127
203986865
338987787
312652600
322371703
205553948
280215357
331122075
278874480
276070529
347621671
232015677
89892016
264490564
277465649
325795858
221635832
78775500
333511210
313537488
266038478
255989304
281750788
274931522
89911234
274966602
210739259
350471214
221708990
130968453
58772063
338140594
283218713
5186524
301883501
326628663
344991614
181576410
335784629
346331046
142332645
344717959
271382647
1160886
356585846
345623718
172346510
303525127
283661243
86104660
108485466
335414071
334200291
341428088
84994462
347870308
346156984
175646341
328841276
349115572
329921850
344359837
286311766
348924015
352683945
309748652
174165640
339696098
178192632
175195456
230168255
282348742
213669156
115270691
69850123
143323261
279493571
329951909
108927723
318107432
90234911
330593099
356003212
351657957
231649875
301745540
294675439
288868320
182648897
261419015
321937500
347315134
197669889
355229433
106930787
209914220
32434503
309980538
214504364
337318687
33739435
230892862
45760599
52956962
204147240
69800790
359334344
202848187
168720463
234703298
360445326
346447732
160815623
239423374
239586325
340590360
255314197
216974032
27392771
241617467
250790251
35826316
369815513
201071090
328282092
143228221
293578795
219487931
235025842
236985068
73897964
201463846
82096647
183682863
193574749
333738917
235547156
161866951
367183178
346188510
372035701
109006800
314098244
192079952
65779985
352017260
243629747
340526381
62803056
293108642
145902766
296332654
370747999
241197203
223332624
228255130
376903989
279700397
267842535
360730299
343065183
324377900
21504239
120616769
142196370
208748336
283346862
288982110
273296543
192393895
236464425
307349148
55916036
126705092
194538587
195579842
325625623
365890000
144851405
209131868
38325446
166615678
367386914
382733212
264453695
342848958
127997798
194180841
74828233
253349364
82218497
109269365
195966762
366159108
246849552
383910960
372212145
140821942
388646456
375975907
357930179
167519803
95798903
126804837
322371534
108603870
385911685
289852714
177839972
278946398
173642570
258140768
272214428
202200686
375895777
393722858
307798620
287942635
56833220
266742448
198129602
9560202
150035233
399701208
271182795
130618411
334828591
388546547
378990408
228038108
367141914
364841947
380102322
149466355
382084390
394928257
281799045
327617981
80849922
389511962
172498947
389908286
315781948
327583461
255164715
311055231
261847811
386021997
403335198
206879266
392766644
310318577
396517686
301574586
78082084
402223195
261422211
316172162
168412779
78092424
208165749
359415078
132616499
333741665
178725860
307070428
113507763
396113385
55032808
380036645
392393087
405274912
347415052
301011652
105390667
192350908
339737541
241326750
378914714
99332599
412522876
331101754
388161471
393308132
27164919
293721822
232946546
283636511
28714287
68933016
228343526
267080391
322309182
348647730
5193717
318861760
392826927
125358821
72785981
389412755
379814772
307857383
323617756
73782569
379653980
372589728
388489540
300992821
369581153
101951697
287900723
104247548
181906459
313027600
408108909
103735659
296556364
209317276
415060825
326368983
160970415
178852625
80547126
14360408
397681676
281086992
168063174
271245337
249913262
127609408
336544761
407443889
260042432
235710646
309588888
396140071
143813698
409331397
52571686
389639616
339266146
326034900
417204404
170398562
229347286
343791694
322466836
164280504
179723337
233317415
410043203
275619471
109113677
171369182
293903808
399381346
236693485
215776526
37262748
388702059
294806116
369339097
237893732
405996117
330126163
1155551
417313658
343253018
408549300
283830649
259601047
422682039
423842775
406504725
307349253
306716067
405639051
401801632
419845783
423087638
250101988
420816027
225298651
355615046
264276001
420574135
80240361
286394341
316186247
335924438
188678831
423792642
14667040
421759128
53651357
355305220
432850380
247355224
203525797
231002087
371274521
141748642
340000342
359836287
370042024
269364200
262587072
319077323
319067649
372305950
395585037
115564637
287697246
24281587
167481605
390735717
359429835
324762447
396286470
225260214
126374095
326228249
412759849
348619741
359744855
327071818
423734746
385136187
425981577
416835647
362844814
108365153
434809050
157419867
232460959
266936947
108347156
324645411
381878557
423108403
312006511
335520519
408415111
198556204
21467260
291022654
237265470
382745483
418254633
381752299
270220923
193796818
357942143
164643933
431849002
263048699
145644868
290504920
356447917
314521610
372374377
373042516
360862884
435124397
350806560
374701664
436911775
142382282
407419705
376329316
385652261
266302619
439031487
441725984
442077125
295204554
389437016
439199120
429160858
429076713
346968179
449475323
402161068
174277233
226264479
379189573
445536026
332599552
438730188
392443977
263672398
351096569
324787640
267166265
344326176
204179415
336499164
357950317
432605257
121128501
371448133
451729164
368426358
425398278
240511190
434717960
290776829
249920507
121458056
392939875
355783627
244034900
323803695
296371446
338275403
264651377
444655989
450413924
426002022
178096969
302017730
152452841
368967151
300418002
179355656
215902359
321474237
70803825
420963877
70173828
171729635
191349386
392607738
457192567
111686190
434055448
242159813
273840906
455148877
42569338
298588350
378056244
181761717
119266208
446465090
296900335
448364489
437062338
400174322
184044426
279897635
294914242
423892690
150282386
409932785
460007571
356524241
460314946
458620911
446487838
448849178
8225388
284401791
468726543
14029586
464905524
244701712
276113960
439946157
332765934
470348316
388664947
458618743
404466996
461810053
447925423
32021957
346494489
457854577
315550600
291415106
305775424
175068308
394977877
375274721
472421419
346662591
140202254
455550851
264482218
50672508
66454292
447730109
102648914
290289978
465917119
249825880
303779922
428785180
466778576
432974102
293543561
456178715
429551545
123470373
473980951
461053572
275563806
313098708
403079924
249621503
201169138
449569894
233574499
342729331
249324469
456691305
265993886
472934927
266496791
406392630
159367385
474193997
447846055
347418664
44439080
9044979
232916973
476885228
309992903
358706478
197262962
80387493
478495237
466824984
359171909
181039228
267438964
226551465
477378964
424471251
314406716
396787804
478517156
401101976
444830424
390045032
484846768
28391091
170037785
386470028
45302586
156388206
478864236
227228124
405087353
464212130
178364497
279572140
466181964
439932084
481217081
439221527
178358266
332108395
465147056
456451431
462708926
423261041
388707109
494942062
373012302
431678806
240485988
23473182
346285132
224367472
445884232
291897482
490143742
398961428
493155671
360736574
492536876
501199495
387403519
172202519
386819892
417415350
349032922
411865525
365416510
235862159
491954610
473917596
258591620
417352404
362567979
294125840
265878651
355321277
429484513
336270262
52453888
202926311
376468125
497585170
471444611
450844148
223244513
215581628
220281672
308250795
497571620
304787711
485682417
243007089
498083630
325395383
212747683
501459883
211015134
297624573
486290031
304748957
475124143
497160129
176440135
499377878
502791655
190977713
306524088
372364246
88934468
498013315
261434241
307519924
471882582
268801233
333194362
244386460
228431369
192315856
71187305
508984403
411266156
483855950
216515205
224020318
489437791
274072931
495994988
341594913
99957439
297673900
489878003
385492274
341631589
508409749
11269775
314499156
473963774
507806450
505718284
503558861
108293660
307181131
455063350
435974223
260865551
521979508
505850032
129996415
460554997
492252827
251196654
373882585
366209020
410185316
287395984
144871510
293965736
171351456
459522746
349336239
345544878
222549333
193756166
523117666
37041675
197158918
137598016
416525884
509827112
262840957
349476733
514047274
422990370
506538328
339117890
118784153
227313592
491189915
519359462
512983490
328178092
467173488
241490638
271175909
221703108
293033836
516116471
465837584
340560628
516121083
423022779
220067932
527275675
457937761
412264385
328643487
506122872
9398674
485893333
470371278
438474380
289836782
346859789
81629662
494516956
487880851
410649590
362028379
447660946
449167456
471982877
493808740
157841190
501990107
46162529
493875488
501064536
512655058
63187520
494139102
355446364
321126399
330892528
533989191
510480205
517368050
140697004
510871826
51842692
466318652
135052289
202591167
489797357
469886699
432570003
462712031
255680666
74725901
48495732
166618139
317973374
501131392
434142933
468304922
506160262
467253618
176418599
335332387
400990347
128826429
487575687
69075273
492143674
303157369
531607965
537745734
296220797
269109867
505814154
513911032
430234617
337481484
234479117
446168532
511938637
183968382
433975825
108597674
546018646
258893655
442014588
457999127
540315208
526371549
453736950
530403105
338166864
517492571
505454793
325484430
510910801
50226262
527243205
283347149
513069249
462113532
488709963
116102016
235781415
341560471
386275727
537354547
545545452
342024715
531150414
543689308
290476084
320884615
521492149
287075114
543636576
295742680
89270844
180227820
64941633
361708429
533671085
131536351
375726683
283808065
263670711
205412203
229634162
517673508
309751077
338623496
534328212
338610530
468887226
296846930
209823176
247406354
530419711
350914593
465927889
435269891
334243060
205471720
230880510
165069752
330179521
540293419
239443193
500105970
503931454
547705150
493222389
92881921
462305583
418147863
347114969
546131311
474696153
451535526
547136879
520533731
487490778
519540685
537195304
160425130
501603370
190732943
470251751
518662417
525788349
523127802
521891121
547737135
474543035
455567405
220068043
472448567
54265716
548408523
431264438
416717956
287394754
47487641
498568697
550191973
477541793
333964257
129760824
217943392
458136523
529858869
150129293
380583666
365764203
350674724
68090021
316547682
419866933
562001797
383537633
548687135
533613796
181923283
385569723
435371716
562423512
537121525
569414336
405489987
58149967
302423041
554471350
250168816
429042930
41950040
218074495
194288851
487886007
554789828
562990699
64271350
241606223
139056554
351594087
564814478
511810648
213657717
565176786
458540008
373207723
541604475
566493731
567352820
195274096
124077356
51007547
494616007
487161094
311672934
518280027
348596133
327263713
488406640
14946198
409428523
443369861
359960037
53625944
526979584
529774499
520546339
530541374
421961775
538310287
245887968
565621399
532496428
473067966
5760748
159106543
173533800
58910540
572991884
303009300
467241483
514692246
491189827
571533455
290285164
578586761
147380968
515793250
473483464
480686812
442954186
345836341
248226710
193539871
574193767
261756693
179506686
503334018
576533327
494876383
485337483
560735580
419912532
230187253
543488852
553208292
282681306
2450512
459768347
530866622
109971159
510027924
162409303
565902159
60112664
547526451
345333541
219767357
320735313
393490678
150100052
301454886
565824578
426737517
60809092
572513374
373058277
345217923
495420631
321872812
581387500
396130647
305061621
89617437
406934961
98372310
546660893
490059460
390147617
449876994
21141511
445686942
525806317
505226852
545347955
309816512
548118707
354306034
17869164
378845933
461690144
8322837
227009031
13579885
504244204
577230370
409571787
580178422
334762839
63833992
253350038
454502194
258314801
576023982
1467806
332510464
568261058
61841119
324787812
313985830
547014282
254381059
572338011
287494421
584948458
531155152
549679397
399664753
492185753
206426721
574726547
560966728
64942700
569846857
540143007
451865252
508506776
518869252
551566761
561707533
344538785
563937839
535548513
279578417
513388716
579192241
499686900
315543261
430126162
476090557
246353044
591312446
512532474
393323372
379490287
583694947
91537235
568292296
189841706
519321464
384854613
218842266
121506816
404643558
451121478
504514199
52818294
565235274
417068401
311182715
172625482
199173624
447017971
494414727
284980690
405546669
469020685
506281101
256638658
527516393
593671816
487505903
89034453
102735862
172597148
26475849
554531137
86583139
384304882
215155560
404590783
559751765
589979407
355831283
99671790
485608176
481936027
591810054
601517785
601178770
580199619
286800062
591358663
610052566
581163861
264097104
525084492
534248033
403914508
260222531
507071062
53557526
464485258
558509368
263745159
254044200
520505967
131222720
565924894
523334029
404160578
568873075
391263845
531633681
475963576
571351318
205223676
604818655
84936985
131570937
505401094
436307713
459077674
296037246
168159479
115627141
260887680
367858798
500273817
80288275
599066931
347175256
381477509
559389295
185515062
376474228
358822710
63732407
600442062
587980350
482948706
590703733
450023040
573390722
93190389
388292448
509491962
330981485
225942491
571702950
413899751
58148390
141473050
158526516
460574178
490835588
499487079
571063254
408534814
594247191
575283049
124839459
421721220
489092601
609057216
299367082
298416657
4214232
510062988
281537390
164141093
531224065
314378325
444963074
471602486
582558276
604491136
208008005
487206812
580525404
208839525
599209180
138423508
491294161
497332704
567362901
407288004
180186606
522882297
616792762
584748399
348685091
585067187
384454881
456977645
326351691
182593934
543940454
179089233
541981828
303714049
614144353
59327222
310065042
46055864
610087364
341995884
595950211
378074659
106296704
263146978
409417662
325882361
463317065
120431272
351389934
556435755
425659586
108598811
136418143
544398680
311514629
623229593
171086388
393936514
596398726
623546853
554219732
14014962
319433971
317154694
432551309
172779505
545081558
608137157
620314575
309849451
620278725
474805392
388530458
28102306
502062088
75654801
590450017
524326770
145813933
605978156
304638402
541826340
578477270
623448089
617165466
358509259
92511646
614794737
611685127
15054558
469175758
430305972
181369999
612719257
407059411
397606617
305107629
488182172
148450785
496780528
498517022
249992065
218476364
595906091
271708446
306474177
564181191
257071153
412220634
601705476
626693971
284288090
633776121
491344481
639886412
551628546
334829120
326191061
445907929
316225923
446886772
641038372
572351439
639290180
625584838
401187372
548467236
459015700
373599480
574580167
71872074
523832692
357373028
240395109
539860859
556983061
257169821
436135960
206853285
633823585
207159826
556904974
451751940
513388601
409760503
182512808
158140260
399474130
235921829
462121827
591899190
621383906
606903394
552438250
581623857
614017731
327948078
245181392
58672347
279980819
643987602
515749814
387814130
137680293
228174813
79883735
576386375
635482852
36543562
407408247
500864126
642598077
141348948
25827429
380201122
15962491
605284116
201565446
645286072
311430057
278924573
600434591
293218951
645674485
419355583
255158460
641677872
503409434
443776479
618339586
500804378
637218045
379394069
307545482
507725635
510823570
419887854
396061396
347398082
523975828
630732438
503737185
308218006
401109080
627856956
652164702
644660919
31887880
348294801
405780837
168013955
383892618
227015945
152601700
628566511
464409231
644752143
587455394
438322858
651132526
171766621
549268546
448919206
40687258
650831360
648004730
578701417
171744907
337521394
71854672
603743282
649699310
634532806
646286687
239177223
627272100
56906383
643340486
407564348
577596888
461708459
520716531
542098433
636927074
318389900
637308374
250915429
335318030
623592519
402066355
587835577
594799996
623485225
401415148
587499357
648279147
392343158
646219800
652804909
653622402
56734594
123848352
530835713
671720966
595881889
658671682
369306905
394786680
577127394
468323091
445724042
258744964
560821196
634271052
83585717
345321228
448302560
432505685
659380445
422559629
230913301
234626363
599544223
579122354
641621830
567122748
369017909
504581911
633127037
671278305
669481357
656173588
590143493
376657521
434942284
480521977
572139698
431291019
459928322
438092158
524315828
182618921
631777427
638698380
147080622
668916494
574475522
470380314
155193453
418947514
378885789
551514513
526778532
299445198
660442180
660481828
671326854
672940881
359756555
324634714
572464966
646426994
409810594
261777137
370870360
156773808
552832926
603807382
158663745
97660313
655734732
167395650
652076866
385597036
638905005
515662112
570817689
662679098
654224299
458034321
372989815
569756966
608982914
680262042
545034380
118006094
549337796
673818599
119644073
519392305
658095188
451318508
76959710
691124183
575701801
471079216
539141829
541408269
645215893
576388079
614790994
645918625
62489806
591623310
220124044
491801765
680264398
483028982
635182518
417663782
236774199
653597221
646177739
662951652
572373068
690390830
661178594
438524887
676973154
338529602
465897455
665535820
627680228
346795937
438024805
607865371
290755391
402964497
666734683
651155179
660036996
689729721
241897920
658154365
606453621
256451151
610332385
388576093
59158448
289342225
330482909
679803636
444037666
681793375
446733453
656586689
62919977
663578830
149194000
621669213
618608149
148281434
662696920
692817739
584138746
613998036
693122940
317919643
264044975
642617608
687637037
598508284
557422393
255091220
100559494
386739979
268093730
567398646
669391366
612974222
688200283
670506689
346733185
454951634
493530691
392846217
597181147
308085971
59204584
696359635
701147909
692767817
671391251
668671429
460811272
70461819
510701962
334796414
678980822
38442738
692711409
656038232
297933194
630272523
683283718
686477240
237144982
288030737
713385729
77690471
663396220
580395128
668240946
599412946
666989705
632603961
593685130
692707232
77697877
428314076
516457349
375445604
673696688
372952223
707342347
514328754
326939302
265110549
570516406
710810067
470338144
29367214
567119917
663724955
513741027
633620161
673726622
689671786
124425695
435808331
403597045
461937974
98132277
693694591
709095229
269900683
682823889
683830294
717186479
285545694
399879251
274138425
448717790
444471031
369094271
142511042
553766118
443424632
571067413
706842129
428600046
358265396
558539859
542543531
79084698
115191232
560755758
485157695
324744971
685593410
478108038
579410070
717344472
582805063
559743972
529794431
140019853
711069840
146504966
426534656
625152574
598911979
721958692
712117839
704805192
375936323
592689302
563554854
726524045
686300506
611996307
561478018
52258594
507105301
512083813
696452651
718201874
719009468
614558321
475613962
72375657
721879146
347542162
637009341
528099026
173942207
604399244
697782686
61424140
687540204
478841968
634617961
704023372
692180170
276020950
128316037
171116661
452925353
73855414
621873345
635797084
135489241
305122695
209172685
216206458
487825762
289148946
703500397
225840604
58145139
651007549
705150739
478895243
728538003
125851415
111516434
594361214
576821403
698191982
163193449
458862754
615923701
607544200
582639571
18065130
727970925
735439180
179414785
390750063
644835869
645211925
741796677
58204313
463599278
649749184
567760969
628689156
708280286
713176034
573492489
515475437
714666387
533026162
350679358
744918482
641869380
73724244
481177106
551561223
688777960
628351700
730718318
611160951
458195353
337787956
745768280
741964629
511786607
2450512
629899554
718464563
545016026
686990194
156988704
715868015
750322427
717215787
728814378
521365622
157766628
409981948
125212951
374452855
744400311
650986269
209335828
726822999
660072751
219065453
723754283
360843144
745693181
740746128
670905340
750086264
724027445
533981831
349677907
501097355
746426550
642694801
359692037
214218953
412827641
650406023
755928566
558291835
254298355
728389033
646354529
643266133
631741833
255230506
569061165
295658827
757176771
158384277
130498816
754431961
737847103
480376012
699229771
763155984
288367496
8927611
705013858
159343348
284363600
600090345
694682691
586415035
646588915
664695350
467410208
640743133
186732296
614034692
760624114
725016715
724545332
761023604
639026237
748471434
722881709
66782601
210013468
237739590
488477414
710127234
760502096
728150765
501214731
326537497
467874292
37358114
178404908
237910140
176044858
745766772
474585168
676223167
742011518
129935351
316983158
727626702
103744959
420244642
510037385
757298362
499793050
595782426
414867274
266163716
739738584
663174726
761264582
756493971
759198390
10894088
716007316
142109263
317160708
547962363
767591261
308014147
170872585
569014369
747779626
352185608
340397072
31737303
684048657
98170045
762625053
315659108
643985904
569259142
518258195
440943473
340652104
607102750
778236994
779209972
68458909
642025668
778577947
745975876
269245847
204375727
370521198
771550213
747698302
754650538
778241785
517449282
688145410
752580356
781970228
765165359
300505976
644320568
515670815
180390507
628982804
62016464
692304542
776715663
131538733
762708427
789323848
554672709
548603873
281316262
697882608
703239168
779550462
467078456
475350302
632598793
754122799
777043200
638413749
532492589
135771819
781493004
627564783
704075149
661086650
71975470
499900235
628193881
783812754
498246017
650162303
498773127
709170645
740806899
739573040
634943205
391417836
533368962
781123262
695824786
790865706
755772244
607205789
671000276
70353036
322405304
788396307
465053478
787917091
722501279
544324249
434507956
534794988
608413637
791351174
611080806
100268268
792359158
776164332
206767835
616625590
492270486
641149026
584679533
786693468
677515914
514868587
664691146
438001173
581108585
529048345
691769580
759360219
797629127
710382381
404685112
789121122
153337602
365536674
722651324
717130002
561157521
694720668
561190036
763779971
795719690
442381917
434719458
128815380
346970852
798402495
715652844
714839688
329334465
800782126
23275323
443547086
484629404
763161195
442192709
297695488
744824893
674789853
760014689
683732942
520123954
799406567
763643916
71421196
446705010
617528247
659792904
793815719
631503557
491542805
690718063
547960583
331185896
289897480
307614696
795491237
763176539
799557307
476677371
545934831
612516024
776047519
303494957
661276081
783821602
227353295
664036981
514240475
766773706
404459322
736171333
723122115
539017086
796243836
445325951
214117997
19724173
569457877
648731752
719948113
489313864
644892279
788074432
810583150
675022263
769219307
796604054
733942651
32104364
708595874
274745704
765263697
813964458
87687536
679664563
561795990
807524129
203127625
574995582
521158547
711564918
624540078
99149993
549090113
724085784
26538564
768253694
588212086
668849872
214917173
635018254
721857347
817904927
689406554
786072949
51343775
814724842
632647867
808208796
427127199
761625590
814666154
680435530
738691308
723263308
531682951
510459638
653731575
777130317
652126735
742397467
769958269
253421965
818410610
517863269
784499879
68561851
648426241
243953223
380058775
718608377
781791597
184706328
738606808
581038671
711349263
623608352
323156078
651403746
446610648
613564173
834180365
771197710
817343169
743004971
556359692
349434254
778462705
674123026
564081156
737109525
249598166
707877510
492359826
785430316
584662227
432898615
279431509
704660268
819625443
271630788
824413911
623946279
338263932
556888532
610200031
251073179
618220669
135672898
228071152
723173253
625843192
824585610
789481301
377220388
600069485
685391295
193292341
702593561
669955892
721436722
566218291
836067877
99801982
642904855
188850327
516412867
260332423
5376455
136648484
713260582
827182895
605390182
820879677
476207502
297241462
671564049
295102315
715572397
539354033
800130357
265767913
798202966
197837942
667032258
756372815
347967684
731258385
806178104
807275677
709407912
40676664
653782568
835056254
414760862
802951203
525163657
383702660
707958941
601829706
764417651
756290504
804559049
836904649
801696615
803274515
260496603
529264767
635644049
783699707
74369537
805670246
2433139
693987188
423459827
731170445
846648445
292634719
754776557
322640264
774062476
358031826
645522172
268553549
842470816
704019092
850741628
752476366
757489714
529777216
414108483
322585624
296342446
526198744
816804261
604548211
811436520
372493974
818251863
848870801
205215139
792792626
788454708
329400532
809319091
825017117
854584164
726443740
256231431
46438526
858471857
228348334
821804795
751624155
449329272
522758462
855288632
395003839
623438360
583817930
733279768
818653169
673977037
825789141
202156034
506531146
782908606
855591798
198986076
315213288
271226582
386833005
426810324
440558170
725710449
168379075
577678717
281370387
814457869
813751176
485903574
855161205
698572425
428626129
690435745
562199834
734027618
127164760
596972964
793830886
128863162
788620659
814551159
857980641
562416038
487539454
692144141
517116746
731146228
854961848
685612054
527596972
229088232
825843887
866937264
802793224
312884888
733811093
741300473
605117317
204690500
778189005
872805102
823742225
570687693
839285276
436267184
749077716
821117742
851734038
547067853
704912702
685648443
184942032
245907163
442664862
1502082
771037594
781257538
822814366
837634818
376562139
321817676
94320493
762637869
78517253
863008644
147266100
266779962
260753871
843495276
782543207
835445925
88769621
830956907
821405315
867073680
801143615
266069766
371188039
578604104
858153814
324153000
761036492
521120098
240143321
788440408
148676695
310792249
801235416
545927041
724230425
688562023
631237206
420631963
494469347
851597313
890341685
266609564
559492312
382645477
727555452
315539619
653845296
266369069
264585265
903428567
486035714
776054611
802142049
596703528
91366902
554326293
848435254
98582460
769335900
807461438
881495216
402329701
891383475
422647976
449937617
568075831
902319978
873872410
284043762
806472502
792205203
864053060
383101878
801880957
846310316
114274284
822233976
496616119
851412986
387917088
754019179
668649246
851388253
50400119
695354722
227877047
79615074
296012855
899502035
80113526
904278424
376613736
788528661
811383537
899706410
601438848
832757982
856518605
909274602
707446477
817165920
690173857
846143565
893769725
789472602
911112442
872584082
644474911
900745427
373922821
562691662
791253041
742270201
764154928
653897548
538467301
692809566
152383618
797911103
905074995
73670442
783587882
588222673
505309414
642590227
636351010
746000915
766107836
872495144
174842965
659019658
52989036
78119959
863586580
899424969
862766933
604602625
739414587
860756966
844354559
460667297
566207713
474793029
895975533
48779022
393853460
91751122
667667326
228843273
706864035
64364803
92585438
477915331
803229935
638955084
916172765
631703077
786800529
899914761
930840431
286441808
487989752
420770236
721006864
298086321
743146962
723549623
885803467
872725766
772642511
873725961
468496642
761121303
509197230
922410401
671628569
895973502
59338311
700411740
714912567
852600414
389718480
215852751
523478398
704807404
878197043
150456709
729996257
656550931
924765924
876351473
402910958
840324628
746326258
458971906
681859378
181777159
743525630
440760246
876022584
651492417
929679337
297990101
799192757
760860561
889066399
93745069
684056320
931869064
114951813
934349367
856758850
918547641
930232771
914016041
849685383
892720446
778216049
522836460
685704560
748536905
635096611
746726661
797105082
822618404
895965135
914288083
669970857
633697623
523872748
460050386
945802592
355398365
893889089
76177820
906067918
264166207
873624643
777714196
946302149
754056678
937692444
823967207
939702440
894554582
786411916
474902443
647407091
83130535
854067249
755199213
800541452
639137287
780772599
812132426
440976475
461814782
215414621
844921479
876127919
8653561
514632213
615469478
8686689
941183216
2683589
565340732
418989500
749941350
730918274
952266697
670876677
294171311
67456409
264725957
485572588
510152195
813422875
553243289
529899095
224719901
407618652
691795291
457434720
845738747
880493491
601501099
932949855
948268875
425505564
693387416
945591675
358324675
901093930
734291259
737720822
273449468
913086310
347524204
732355026
197072642
604691988
908674302
848391392
807354094
957499681
457348888
849551020
797218576
952069849
792428592
302289813
855754241
489132501
638126346
937677905
774917028
625419465
530355023
864476197
902546690
413118314
906118667
803723655
950925925
900269687
729835075
283485849
765148857
380058865
689148208
954463640
963968879
649573974
99987518
651350238
596332949
566915137
712128997
769447033
407586023
955207507
862165502
902347755
770911188
719625741
696597847
572799033
699000510
948643943
524474165
534779454
911768643
564234600
317660065
573804765
624371530
201135678
442472029
367263982
910725702
914601965
161930731
536822279
866505303
813615273
863158567
21377737
475151058
913423479
125308487
963165403
398418675
474463776
593249714
631874808
324691061
403857011
962616018
881390910
797034413
834093529
77677716
972636942
677303726
959736209
919331849
530097743
960203242
845507608
153982346
979972093
79002259
801752988
579995173
865178102
656442614
362532177
914208272
915809517
681304232
952437872
63349410
116399921
96977630
396219510
856435372
973811617
527927523
693617419
502642204
916742769
968719580
499129479
645568542
861382945
924092515
504099946
982720309
6750446
415860893
607253895
387672273
957776621
785142905
924299260
165085883
501708656
318550134
924361241
579946505
112658713
909952809
785879994
862867794
892290572
982014441
213778950
194542181
504079369
691971272
795226034
978225533
423897011
832812221
139047983
993690164
599622355
377229198
785805057
976433967
925109411
641018656
612251391
974024655
408667885
561227324
890198522
983851102
986585845
814367037
972993627
306815021
253594289
121447294
946515693
863993044
231577587
564602489
681412445
983749034
817488470
34981502
781098548
709627885
749340091
933110574
126268002
587960700
884062319
942780151
34995184
496080474
492978604
991264987
877766093
921867404
800320824
535049868
761973974
368515601
156598597
998530425
922451566
988474912
192616498
379162660
714653601
509031690
945088807
950291101
18129365
306328279
501450412
997707442
373329186
988066393
249871467
569497627
947680525
106865572
506529502
758708221
773647317
949620580
840989478
462373901
975622663
983019209
549184241
313832085
744722562
921050298
949328440
643341040
744724398
733758335
954363987
223658792
948361872
756159122
967061732
760695443
954248695
583549994
947699499
942786813
812663884
996843949
953563682
332029731
941462426
185293129
832881129
750776370
81638794
629869206
13566032
50054576
514069172
633243322
931953833
604491433
3690789
350082835
357746555
954373846
232468897
954439345
622573618
990032935
957193600
402743593
858233244
272044066
754088531
656340556
986725729
772926021
952376095
884516447
440544995
472704302
573686397
993963724
959463286
886738635
761869734
817240341
998606441
888519575
685820911
415521705
373972261
848036056
787178751
736560168
418869457
388840363
626585713
582949274
767806845
912552913
579834301
824786954
230850790
875304173
362876931
821796545
522971981
231622184
869173493
960935590
427907644
100468538
679776402
1012267132
639135395
368281552
952033186
717480427
925336364
633910920
1004196237
964345550
870248836
889680569
137069203
436650020
988924775
1004533820
332214468
1006320092
289535056
1005987885
298773711
1005643325
929299429
611673496
1013496835
244870420
651489604
947659139
961549058
970222278
823353550
671391847
94346526
294076415
507439218
369444841
791261914
1014510454
923911169
112645061
513480073
58792144
281401530
606486391
789073609
236902641
654541240
896773291
820963623
976252959
370770743
322629540
938795870
184140486
532096432
87438649
1024140378
313334910
918465530
966502352
131455970
49285933
966821762
288696322
748506304
920728821
371355283
400128528
645111442
757424964
268035019
995931330
545351081
727322981
151825216
711915512
104761920
272952241
649905206
570686197
994898283
148903455
992294450
772794991
1010102585
795390948
504294430
13526033
949462084
947360318
973414120
1027636604
194478326
186501605
941894563
959916752
746576887
543763503
402299842
574372099
1018176255
534804466
970556279
186080220
730368938
196863872
912134505
963259948
669461259
1007838770
987710744
281395322
481030156
579236629
961678551
237279869
681366123
86528348
926041173
915132454
533547621
738370403
975082771
912144279
852574241
458162994
809805748
1015917440
752031375
456972401
398538410
875955631
1038489160
991827890
606729755
893436109
611649083
918174514
835917444
978064655
564055436
993758712
530018924
1028347824
428656761
855723212
677449912
943004083
1029058756
1022283326
23288432
580404360
981968437
1031395586
731741567
933453910
279287305
8369618
690275488
991014327
1042602908
895344545
34942900
139079822
628594075
1036719624
1043093387
435619687
648688181
961382510
929513401
534219049
394461321
1048528296
760541896
1013813302
630544653
1010410211
866978373
1001946780
997161390
697372197
338889399
623131895
118354850
925760751
1047342860
335112693
208537003
242317715
980945413
970439923
994552101
853666382
333177209
358373147
334085556
1031805331
937741727
1038390332
992827923
1027556227
1046000144
482795462
874930525
426402755
530552568
1013837231
816781511
152619383
794709135
1047814663
924085489
587016448
757600550
891579376
213854771
1020197947
899929841
1039877690
819300330
1023296539
680940853
938919036
404260204
1034964051
680846721
695851733
265501115
693775335
1057654490
1049343502
541200507
1059590693
802123796
629834439
1036463888
672370432
1054031969
316262255
770246680
620831080
949504525
1013643810
462831276
797396711
1036922422
459793910
912541869
59533964
881818398
1034255154
605611809
982058098
697491409
14056008
421651884
672880422
587827127
349829314
554165585
339864109
833817575
209706015
881877207
79975394
152400523
1038255554
803235816
543909318
632834164
1017893968
1065374972
849687444
530631500
73603199
1067627499
309602814
121175093
1022700910
835813637
686771339
1022279376
607023771
734176231
398702001
89556313
848473349
899194905
1009270083
94776965
687106575
177490375
1072442369
765609330
449474499
592346174
514813429
1075510127
392850354
746188999
1068921756
121023597
411777638
999536232
955559746
210403299
1015523689
917546174
1079700363
1044308568
420613200
1010876596
974648054
581743959
600167693
738517809
158036398
1025321194
1025686469
1067771867
370920252
50010038
761427056
752131830
880274257
960110168
1029581279
1082569913
1025316907
700254164
1061555344
1029157055
796496309
862880711
926756520
455419077
1077052380
990444313
945495215
807354609
1046707927
637832126
3718806
846733621
339489434
906890559
1053857350
424825913
198692577
624132211
882120876
712668035
1088689825
1041499795
249213568
786227746
490871070
1032022663
1008022366
100403035
146578947
658286991
811320633
95877946
757805337
900244656
919940084
1073546478
615821688
741298548
687613316
510692127
770708679
751005144
1034913093
1032207649
1063567771
568202365
565234202
239113546
1074257100
1067093402
1052741142
1044105219
469499946
1031434077
1068481264
1030615381
662364787
252862938
658220999
879106710
1078140798
920958306
1065974749
431409916
928770910
1088983892
1031494268
1091394691
1083045392
128149057
64423111
795355866
1040765329
890778905
555763110
1082347684
833251717
139641685
723726281
562539551
199224733
565770511
713480679
1006214126
1092770230
1075973998
1042369313
1087483168
125024410
1086098321
1092837404
1089600148
610272476
908334616
924234396
953242775
984524573
900562140
962600182
1095193998
1074687465
729466468
1090872489
1054023347
696912664
119203465
328329633
770678699
618287693
964325977
807925894
1100150327
1020540397
807360341
1002461510
466747438
1052686469
861863350
1086098796
841098318
446906562
214683871
608186681
1035698072
781316647
903562729
