404976
983714
892924
1222303
933432
943135
1355633
1422235
1535344
1351889
2922542
1342047
3884078
3823682
930955
1360012
61534
25613
87303
1683505
5286538
4506897
5018716
4890600
1300
3095407
3074982
3108123
4074197
865714
5360198
4588009
7845805
7350644
7943724
703368
5906781
8952312
8426308
3681
5974607
8481787
8151772
4615117
9339170
8451636
9894967
9224149
9060379
8436182
8471523
7300492
12082074
10803607
9379169
12771501
10431907
1445631
12905902
11631186
4500230
12479208
12765212
1513090
15089667
15599221
11294157
14356393
15513598
13695982
4831882
16375862
2530236
16301379
17355996
18502008
18763139
8228045
18932092
3886821
19182749
17646956
17961497
18762923
19473570
5127484
699571
9084431
11997546
21161384
20302100
22455984
20368797
17565368
13316437
5151029
21623675
20848088
23065610
20628980
23049059
23774780
12043511
21266677
23420865
19576804
22218832
9853818
26475786
25310170
8691276
23121951
13784971
19284251
21895579
19274411
12094852
19333997
15825129
24242838
26584300
18829483
10443178
24053338
25386941
21166273
21276228
24070711
28066894
5211741
17618946
24098045
5157259
23568533
27574516
27511060
28267444
28108083
28652591
29898460
28524955
23740779
6405220
28641246
22740427
27756912
15421208
27589673
10943686
25724635
30898257
9438762
19583471
25842054
30573826
25126692
8361191
31399040
30938822
30898724
27031786
5693243
30882005
30396495
27045480
19698942
18531540
122422
29632239
30862947
26555263
32964671
32606483
32152755
26984946
11321101
7669846
33420331
33337833
28921032
27453601
23579511
32263198
35008613
28570486
36342063
31379897
32543728
34971093
14709655
20476108
36859845
39419461
37547190
30553278
6591989
42705739
11233876
41032291
37580660
16036125
38269549
33745719
15500258
28703494
35856965
29662423
36311797
28134084
44058445
22213776
30578765
6998342
16469377
33864192
8166287
37927513
37120848
47906981
40367564
40556709
42895825
46820911
46818987
26837502
43349325
34942445
41302513
40785756
41911341
7515335
49201271
18544316
24546356
24233757
51507866
50180503
40727883
43221322
22557107
36623598
49088424
7500201
3916899
45485896
41352533
24829230
43077837
33861413
15853961
51357219
469080
30534241
16285179
18610740
51298222
53286999
26005068
54520574
41021499
55132003
48404794
6745014
54597550
19357745
53852428
32318414
26810250
15713077
53814176
47368079
49863965
8036970
26253416
32440589
54836562
40666923
56780589
52116367
46818722
27591731
48342491
11148953
48428977
25449329
55658989
45606359
34391326
58101928
38498166
54618257
54050634
58345442
49654286
38533683
50927557
65702
34361939
79303
56501363
55171079
7001726
60023559
59491709
36836674
7533557
55583951
62896277
55974118
51065698
59355940
52491668
15364527
60093426
56208898
46307529
49678625
51876345
20278366
66037448
62652324
47629323
37824287
58781913
60005331
60731232
60806567
61368503
37803725
22715713
35277824
56743360
55651217
61718016
49726085
60818326
38248462
64751685
56507491
63736773
66377091
67282405
6950835
29914989
51823128
65384969
45052322
50502046
58130025
54726980
70824274
53882829
42113520
49134731
19689341
69495714
59246846
6961714
43397493
23455708
32434054
65330676
76611218
57615221
74404930
45824792
67590170
66931597
27877889
67264990
41520713
47165463
62050805
30942132
64516611
30850660
9503274
64086374
24291613
74774759
71641101
56586361
61626600
45653314
74608078
66330178
46550392
64314516
12899804
34307072
29732423
71299060
4073418
10574970
53160493
60036439
25685496
4109162
78009789
65795895
25303458
78355882
67450154
78464084
7036802
84205606
77708803
42782774
78250126
43822411
75570694
55652264
10573599
60331580
54884984
78062843
68060789
55959394
77087413
29959494
6726991
75228081
72061928
80720723
54348450
16603
85882673
76577042
77661802
83663391
69441127
23650839
55818311
69374440
70832050
86180739
32794975
57422683
63730383
85065292
38598247
28198462
80375045
35812030
42706718
74945278
71287522
61965594
31692581
28439650
1228400
30170275
43628202
88335992
83560614
34865872
62371314
46533910
53397588
38843926
91693183
12895996
93821182
91046317
96978022
87131287
88057131
93252889
86349728
28103350
48034553
23604948
46268409
92739094
73011128
17480254
18367503
79730996
13850907
96723710
2786220
17826917
82156326
98772350
95074138
72216775
86990214
3859606
96770073
68632375
59431211
80367741
98225065
102807280
102797997
3842454
47168149
83069545
35243204
41141182
95239252
100349141
100061196
31529323
50952211
83908236
97432301
89063608
78667628
103784961
73776793
106498916
107258774
83048115
84330957
78842678
79496695
107426983
96300820
60597375
84149859
67744293
39633772
88244631
97913589
14660830
15006854
106373638
93800015
80019330
108002906
107937165
112748220
65308310
52221038
23709877
82464342
79166887
113997998
38288902
65055384
85317594
113622010
39109588
111804240
100132587
7698026
100655211
50352455
75629637
108698443
110156344
65230137
40456726
16351038
112537614
35106633
47318784
89250136
105918442
106040851
76789289
104373121
107604262
112481368
50718658
17639941
52218433
112863916
89495113
95583352
68349163
113355386
51878692
107353060
17112679
111646923
77180022
110743968
97220357
110284167
105164359
51637247
92802877
67634206
109403568
96591271
114822466
53984539
105056360
65153146
87456898
99121218
110152324
2311151
119567247
123069979
11253451
18946835
119190050
116013115
115408920
113474175
98792622
82333487
79203849
86929026
55882592
115460174
17275377
123111698
93375866
88952038
75963489
66567761
58087727
112173267
104543405
122218827
102431994
118933876
122275298
56638142
19250763
117390903
114772123
126576793
112700298
61355718
124449462
126785210
123551303
106434022
73305069
75155156
127251654
122444918
88535676
117833479
86578898
99149738
127891022
47013385
92133543
55301208
131243505
123801676
121713510
91914439
47236819
128078813
135084907
123090451
121706614
135176252
130907712
76247788
110199383
111599613
134054637
7751188
136308951
45683496
33674421
127368411
137018554
137982341
46751911
83538805
109044042
96543006
48767854
138691225
122198431
96180184
132364660
138735123
24286252
138483221
98751908
130482508
138684380
128764884
140382215
25599605
110186949
100071240
142447891
127754529
100636849
130045977
116690307
52970560
75111263
142473286
128634835
121711957
102186188
37562787
78536522
145947655
104042835
111371215
60857003
138886715
45117261
138556080
152019631
87439492
148573634
150806297
123594222
145839747
106942160
54948590
124066671
111351435
111328049
39317025
113599087
153728727
154204881
97435993
147751875
155000371
128202653
108537140
26715451
71739758
16684146
142944419
95949370
76252117
100044772
11189636
65955922
158690474
164178626
108503512
84766007
111152802
96111917
136904368
80644254
71033504
147176674
131097784
113222964
47583669
163740683
95362240
55297359
150553697
99282651
38619191
29499077
154776166
11962921
84977973
127758923
71454763
112601196
92347833
166204569
149108746
139808852
157655194
163187131
96481536
2789143
70042404
8622963
156937003
63756605
154596715
149164444
154444400
82989994
76318240
136531339
157472570
154482816
1163041
168386629
18391865
97140529
80623039
118292301
116269656
41144434
152463747
49303801
130998451
12349905
105844536
68118689
152788067
84723941
114459679
160021676
160217530
134515928
143206384
10125994
157832748
173726573
135174719
165781100
168989202
167092406
179936249
159354747
176709862
132087813
174735719
126459109
77599123
146501529
103268838
109150687
58539003
101910325
170738964
173322968
104065495
59893102
186923086
122149275
101665235
165363606
59204904
140198218
120745173
56633174
99104844
62637748
69668367
165042201
155516167
191389822
189798526
146268831
96520409
148655932
83978473
98708667
187727957
161158526
156675808
176986319
44702759
145592730
57434243
73078419
169039863
113768172
121974742
181742429
135945174
156930792
75770954
95617711
106644793
94148976
122769763
195686698
181012311
175511994
79523727
189490256
165619285
191186514
94190888
148218241
181199346
86413737
181832401
68146432
157051951
173491632
171673975
167660496
86105335
130279185
194096790
184858368
37167567
141215661
28347257
126086002
174728035
66095573
180896162
131596775
204864682
35568880
126877323
173942052
178801190
202616845
10116364
89935381
202074298
203781552
98587461
40427002
179863916
194751213
129938922
187297543
170845340
206020565
203798620
192211562
202933516
20787876
15258499
104652912
183140040
203492942
78395250
62406013
205432643
132055100
61486016
202341393
12212647
209680718
178706158
162812486
168959537
53826944
208825049
25577163
49214745
133075667
183496142
208584512
196911176
132312938
4223870
207430999
169105268
195216035
120898590
47364584
149393708
87985048
166474468
62609316
163776584
183179870
207148637
182382918
92769463
209190216
184429965
180441454
211803777
77436795
187373945
66668183
178491189
197315620
198577366
143882632
120247583
61967107
107020145
212436546
152615878
152750302
44829373
212916229
10363220
179840024
189877165
147294787
202350550
107600308
211615100
186850423
186359692
159391497
33398029
172263252
208450537
108536948
33502775
213522662
48212672
12247457
73907856
65928465
190697634
203908105
209484112
137117098
206023508
218201138
160791253
202824536
189963132
17841741
212905854
196087025
61783846
202465599
208512249
145491603
177365524
12565549
192524355
142897233
219622181
144401305
71964698
193063561
123181008
83275917
69255792
198795907
133956084
196138773
160396724
35118621
182975369
147216899
91592824
4494409
192972381
222600399
35063595
142684616
146894302
129823425
211038374
211002326
154018999
174634938
213949627
221334631
148186261
104741576
119243715
41799251
