14148
514450
92817
700537
447733
1692641
807466
3060551
2849479
459620
436706
421171
3777183
2199167
3175148
1328114
3576413
1650816
398101
3632538
2911665
3285762
5176406
5148938
8325143
5186393
6875007
2794117
11572119
7692369
5825591
11784032
1313853
788330
2983638
7073605
5901349
6720189
10332296
10501717
9907139
7001635
14080016
11266481
12982521
15339817
10269898
8399494
11775865
4895584
8028846
4885877
7934277
48531
12236115
16637249
2433965
3331722
16527145
9650883
1060450
3278438
5512379
14017997
16132280
9643848
20084790
4273985
4117399
5421861
11871441
21965267
14375616
6640649
23450280
12147275
2899108
16940761
19112901
4914420
19361450
2811651
19518332
20801425
24358650
13717948
25621436
26312671
13620452
18507288
22964588
23265287
23611612
23631526
23865246
8566829
25762835
10574733
21012827
15920539
18966749
28586947
28891106
3447751
19644448
25859484
9743012
25869789
26862445
18747734
26672498
22028758
29691273
12460547
27744561
27680450
29980432
26894888
25570024
30759335
5741159
3665967
31218824
30102439
21571164
30194708
21473633
32669241
29305701
30797525
33584475
16621537
34435412
27409646
35406926
30510796
30313829
31133123
35138282
30319533
26266703
36362076
7277474
36602973
19673335
32361421
12678416
30482534
24789610
27694320
37926131
20426054
32730929
27612622
26045423
9157008
17435721
16107829
28936351
27407005
41225855
38150387
23513300
38642321
19981149
35767784
41018832
24418951
15770565
46110366
16723704
28569894
46957398
28873561
20011881
41092799
48967878
50177519
15032617
46226735
28112330
37268434
4984644
9795792
46333590
14298059
21348849
54836231
38458222
51077752
52952045
16888815
9931715
22134330
42620438
15980675
29654260
48429034
27488134
44190566
51261851
54703871
33684162
19405219
33800478
53571326
37321176
18594172
53835088
44611230
23587199
54714475
9791710
43306019
21983908
50106362
11493007
9493255
28412586
54966733
37916978
23460586
9004316
32857381
50482838
64991731
56131339
51290755
44301006
25161100
64548317
28769010
64183574
39445172
64583736
34442250
65180662
25166495
44618755
65553040
59770429
56372538
46871116
63920914
58062415
18090881
28236754
66259648
48831316
10895992
17814519
52652385
38920108
22102883
9560665
41857761
51561764
27989680
27644644
19272641
57241334
64346010
40658102
37758446
51447778
42749907
67480228
35013890
31154117
51023647
18346077
67960901
35057867
38880514
28515092
31300491
16520274
9888715
72771321
51866737
66895959
68310297
71386266
71362282
43957643
39859972
16502600
76006443
40660977
69380483
9502557
40315618
26143474
74728605
77814177
70231510
59193569
31075638
79242815
45334222
72499069
53286883
55011420
27937903
45876253
79780111
16066508
46922834
72548669
52111640
59670583
74289435
69957498
75674799
59431192
49214651
17318168
34640696
9535749
37629833
52613086
21717181
82609060
73917636
67091995
56855086
77742544
82031277
80065467
79703945
19981045
14193390
75442594
82696282
59706202
6925176
71462621
55374774
20604618
40962868
80425519
10149975
49860867
58286211
79229004
89416633
10382565
65841266
68608751
63394203
24048917
75325147
46659733
31899025
41931726
37521544
64735180
88298019
20727297
88518346
22152762
81016296
87867470
89883764
15212768
81660139
56272799
47520697
90475786
92906483
67939033
84865520
89483957
85721094
63235868
18348447
66894471
54908032
89678332
38354134
62708341
44869786
66867032
82029074
77037095
49544711
80567097
94149502
90329621
48454416
68894550
29292596
1019145
59265081
37304579
23388119
92165874
10137405
102542262
54019125
73192154
81287353
79239668
11899260
20485733
50934147
61736360
42106291
1730663
101023924
93055874
14146385
84945315
105359679
104393665
29297335
55024703
106290626
104781940
56444495
78619429
81167900
106348362
97018454
41427307
93653735
61609695
98509676
71736411
71496377
108840968
94866214
15566431
97199405
109868723
108651300
107962493
47475812
17486445
47477461
99604763
86920361
96975331
31665335
16588480
69389109
108317367
108394328
100458764
61759025
100051322
44612900
49094014
89080225
65946899
82505137
112435955
112298070
39818391
109572934
54997000
27377605
99866644
59608540
31787026
60123255
84633878
28057088
78534403
54209374
43682446
69619737
78675577
121442712
99833835
36629403
20252741
93110786
77576570
49967614
97014516
76992370
117468320
76067477
26422664
23006438
38496137
57048702
107908422
6935459
67810720
110329130
59397302
116273604
126823447
10526002
68079208
13734026
53771949
123761746
107060036
81002063
95065695
33575826
111483211
95966542
30794492
111385755
73447864
27211016
52977472
125944836
114225582
98543765
70771267
127819838
123071614
50360201
22078821
84637490
127950551
68247506
131176216
102540025
117574692
47374219
86374435
70477104
113294851
115625261
19687024
118730481
95408680
112696526
136057929
131420488
102392540
86600867
119017395
41170452
135445745
19615453
14138252
23975256
107114632
119626458
78700968
142640641
11063382
78856521
35125083
98858885
107562772
129058725
16090965
125294821
2572001
113950952
111639448
133005695
149067936
133963828
125094360
14154692
70354239
153521917
14199399
57768133
152702371
152694274
114147453
131460079
131946645
126759921
143359970
115855700
67883098
55868433
156291540
82430508
56588884
30822070
10240842
95699403
138717202
19711768
152244419
150798608
152285645
153504365
144146574
99265664
30466036
121104425
83321584
80760592
161661852
158357792
133022774
36144433
19670911
57147887
120177819
105371889
135250223
84580018
28268904
83842038
136691160
140709568
80379319
146911601
97311097
129302685
139601014
122102739
159935106
69477311
170153249
58509164
168177720
160685046
85001991
140621687
142571383
161885875
157337637
123772257
129688315
113829763
80795611
37677458
138933206
59076537
151908607
67616995
178288117
126104406
113897892
155124186
131335451
7711024
131276659
126687211
108820204
157046673
3047894
75013838
102120169
65280968
77425604
84306255
75765007
171989884
176788238
119271905
38966718
40017182
44957030
129789673
89159994
149596033
103449475
89222882
149046574
180613257
128606579
31244049
140257393
162141786
165641177
150818662
140140293
152249461
92625242
182624658
65901634
175336537
87894953
16780251
78986937
168909649
55352498
139452946
67918401
174192363
157535717
157670213
189192555
159285927
121697580
35095271
177833297
190587267
184012158
159398301
150728166
63653533
181762096
141458128
141449250
179444356
16876752
167306796
63620739
135442645
158864036
78428098
112205662
87670221
168956007
168191390
184603448
157558424
93773972
55268484
168132067
194769920
168421323
52927474
180585431
192724451
53105842
126849068
182605398
171562998
133611589
172670351
91115724
42459851
21040658
132233612
16817888
14994174
144318531
96587331
44234341
157227820
149390669
130096133
11078518
179866027
172350901
132714614
170222645
16779508
58924833
197694060
55559016
70865160
104311607
147160622
60344912
148112798
131805191
90685513
102120788
26718325
117253763
195147247
120932901
194592041
196677188
14961976
181067323
139612168
195730064
177908487
41675660
176692563
82466918
142296229
120344668
196845473
164838724
171842647
165259973
99514898
36947951
54574355
51056734
180054292
141607522
212620700
166861463
182689701
166393728
214044818
202866056
120894558
180668327
182113375
69114833
168010564
181927477
154427069
207299879
95060981
127447456
88690842
204514632
167283424
217841154
203639030
203552668
149098068
4488588
62254354
48430353
218265903
138922066
196843830
88435129
66170590
214303842
153746196
213957144
218195899
130854150
184633653
61300142
163862946
201709277
224435393
202420335
108970857
181860349
197765387
194185462
95834348
216633461
31212013
148343747
197299631
117261849
30426668
137601901
166577311
214869144
199254874
145476589
203030396
109337046
92199633
204881265
185695361
196874008
156682333
226191444
220331709
30360650
145833108
214946367
193977496
44323455
98248816
148532586
87536250
178391252
164552132
50030202
147194315
227708900
136968319
206397966
205056626
225301771
50395284
61921103
113746912
221107407
67755336
216148262
52719522
88935111
117558171
202442762
31397396
182235474
196653535
164437482
217629301
153083263
232704907
77559862
57212682
98992082
86285726
238347420
15852249
231630542
32702618
6896847
161381518
226232119
202429161
240145801
180463962
216479819
243031689
232273827
125067734
119697765
17541053
153266354
248237093
63197018
30819181
180385136
230191516
31783586
219500333
157114999
33300543
121660471
195102527
185314501
210927849
167902632
78079352
231060404
220345655
135637919
225119487
175060821
105538636
206689129
23117794
100386279
65724387
236491666
58199020
113240490
195272772
110811454
177669154
168037391
162806100
156527129
22415271
237905362
76475201
130804302
61057853
129020599
195135599
236029730
230737298
88871075
158511883
237056891
210711726
173885965
233783335
199648996
167085473
160289468
182886706
112744300
216183221
225022452
54689375
184770978
242232664
176682958
194876105
184637822
119148779
12781107
182928055
255471066
140318488
230759723
214432179
237859258
231204561
56093389
55363661
256796002
212359147
216742537
214504114
150200207
18728278
219073477
199059431
207530441
219367879
210938603
219661887
253127786
253281308
266095408
145596409
237926700
215159275
264946360
234657171
58293469
8605081
202901398
28982434
271821750
200222457
242259950
196374304
215600289
247198687
255130472
221988623
12730445
58300830
67138690
97485596
61929846
266710872
140742074
256454364
95224490
143294810
248044892
236092303
243461432
99125556
268117444
276672157
138991062
31696703
213468053
249756809
130814941
251831710
141488545
137287257
56172400
251536648
223387988
206719961
273828898
31099827
157975154
109593561
266686834
87764544
198531032
20097631
70913515
219090719
85390453
242301922
132588632
202863594
103643821
230552740
191472566
137796006
157052310
96812283
195968855
278337161
243951262
117807017
215952166
184160179
272862061
162894917
233363423
262626874
204851993
210556940
255224030
280434484
247527461
265916733
12116285
122834988
273108530
282309493
25438583
272786941
179782134
257298158
62030988
289497295
237247301
227133976
265274178
68968040
288230419
284034412
241152679
267894676
102134862
60522043
99429797
236705004
260171795
77723901
52050540
237627957
185073687
289608885
258019658
281911459
220202697
239524629
240486602
102905769
211801294
244836114
5285620
132012502
172299479
270890193
232465591
68751717
110228231
286243107
294683248
226645561
233615391
132925296
173878890
265172429
287102088
132090800
256189598
257645849
5362604
114702554
138526977
282051454
188338704
278776847
203863760
186016048
35166300
186723491
25032769
280316991
291230802
235798288
91838516
188523828
101690863
68778833
262643767
59088384
280272258
153130097
158436355
293237385
127171216
293525144
55370305
286574510
286654924
283757113
93889641
303229916
311794586
288507782
51307629
306368095
228586781
265267580
35337045
121427796
95367327
288207723
77036450
286405840
10936666
240708222
234496748
234008449
218181795
42433824
209380320
133258501
143471243
12327209
269643167
222465463
25127442
300806344
191160440
237162002
131773126
172815259
110099517
159143610
256023341
256823721
183108176
37684981
226701748
270935788
97954650
66727517
152530749
218574085
74131087
305568282
318887392
273262943
48085463
240923632
257491353
307415742
321827623
240032455
35520421
210242760
244436879
120670954
306089201
276813156
58069954
302547063
140403790
299440911
65774537
71527328
291583218
282513101
323878951
306672214
223146270
139725482
26628507
224798255
319191670
285106416
140863119
239825380
244004830
321230462
285409007
151960085
37722629
39472211
69926050
44326947
294956915
196490033
146577572
328437329
252105504
321940047
34316210
233474505
286229887
71029141
114224132
233544174
201782727
295001706
316876758
75485301
111937747
309971454
204646605
316854999
288907303
154075666
299146023
141942160
214386391
132412349
121604973
141923039
225392738
176061407
295240797
331639097
215238663
215284591
268508906
198109537
240347628
122013144
302718572
310747965
328770250
298457054
75337457
40590303
268181778
334039459
312265333
337825088
315143056
282060813
272628476
251407261
355985431
275528867
181509464
53258166
346842450
253382856
346891119
282618937
316068719
164774662
314679622
207422004
122016998
21895044
169738042
209096833
346749168
329012606
64237338
256786921
346005087
359300382
329826379
311370658
324572706
327691272
331075485
241105878
293770721
80904598
282370072
319127082
209024687
327048186
64109421
129389422
226023464
165656842
246096145
352451250
243059893
343916894
321483636
174350443
285798330
347483460
190273984
359680882
264649908
78911631
79818611
252603729
349192120
231219719
197985049
265571443
335908656
281649921
348284726
197090905
316061642
336885498
237614178
320903985
107018133
97210601
46450940
285270414
368146461
313976297
106090892
32689516
323094735
111649093
335147146
283818023
325275017
353183349
162325534
377270272
354787617
355218614
134677891
236800335
321960846
108910410
218939349
338989908
330646566
355931913
339523493
331830881
112839278
129857194
351674184
149384243
332118415
50939943
90111747
347488073
54646404
328822412
343030639
219110151
358624278
277608753
330270215
11116871
334373646
330194709
244039669
265989801
347714654
40857710
211685962
337197352
345902033
280334250
383547438
389973824
102599609
236821762
327790610
174241253
3630368
307576112
173227158
346043791
346816669
340495919
241468897
81855850
383643449
238915013
371605532
387986738
351889056
22133609
221417307
210906265
22678049
153295845
200157002
384319653
340260243
350943809
393190340
133425465
173976101
354028356
103107186
340716082
315051275
121962886
170950621
130087527
329669313
156424758
128819706
374845090
270889594
316487724
12498903
107248444
134135545
338014645
186825326
142284168
392841439
215576804
358019107
79164704
176091306
245164887
281566277
152053594
305728880
327585584
372057300
135243171
111616393
393561313
282204631
259333250
153682598
380508189
268429895
112993490
145600439
269723698
161845854
402698891
350706141
167253103
122389436
375082699
280397274
288535435
321619089
380079349
135175057
69485318
379470415
257152183
275982824
114029786
281246474
357746652
223100342
241467915
328965955
359956994
367273958
363183638
51094719
111507789
369580688
296682701
352865345
180137399
408207108
242923672
190136140
309719060
58562670
389053415
351697328
131146526
95282638
355398798
32679341
372471730
280397335
175826494
86916512
368895480
24709973
53992264
277832495
267324778
329531073
410340167
408034810
140004901
373475754
227944593
161337896
29377898
383805233
28541803
251772548
221136909
130180502
184776864
376072445
269407686
262830808
79635369
80707586
399757923
77801953
400273049
389108574
336225098
104586349
408988533
347759359
104189211
111196198
282703501
147552324
31645024
274900298
321219432
315316606
219430238
255154444
437676210
390098711
385094305
196998970
371400088
291686483
280817219
287539976
409190859
387011613
335185079
414802009
359852553
274495430
236738237
371826892
145553005
287982907
315572276
237570604
153182743
401249059
384027506
322404887
119946615
149739236
192780760
190720681
270963200
347633642
353513737
30304698
227924424
419437105
385459077
133779969
306055439
341901672
332849148
400139562
129193042
393666233
116199106
375635942
439780892
397351342
409267866
321611385
280678904
55956686
428123606
301531141
196771168
94140216
143081029
386162580
444478815
408864233
47403928
103809842
114387103
373998616
409134220
424642788
303004390
67036035
300281775
350660823
325425998
431987593
159889204
383099274
393131979
336774987
5069069
413736079
393669914
365852368
335989774
422031541
452872495
368470129
172444962
424951692
396410429
115569650
401219319
194181910
193848128
366620695
116954684
392403620
405883618
402597900
397965507
403481234
188376904
449751902
262546853
427127045
229674574
213146527
301626712
415076070
193296819
31879853
47761019
322628785
382263311
82068773
222132383
275759086
50398657
438489762
435458064
393158028
292932969
398960829
435478821
455315099
138284288
325496160
408630671
382506150
240075031
37036234
434276129
92814635
441164775
167462864
457353386
437018832
49124790
290021472
393226007
440948775
38792076
203200138
104063905
313203996
447826881
444991973
440983645
296000640
441300500
369833145
232478400
30526796
269883874
442401169
213066072
452183891
308324254
387781710
37700865
339038035
322796108
394096964
432752187
199476340
467158153
240605364
285349322
269670025
242573890
342027914
293534710
347466186
192578608
431893457
462366793
328873965
462103838
346754619
415569291
264151167
471356624
425527059
326689318
396152149
105469763
428322312
408771200
438839850
183548166
360948486
428080567
171939839
407908170
276802692
384941386
425727077
147946965
423851072
225711790
434903512
393004610
456142735
344655921
312401382
109235277
195983776
459243851
431178410
446440822
482946776
465584434
328031595
16872912
459322724
379018862
314292536
455321040
215639557
462038332
174805263
103088332
105938482
429478666
479301926
359443621
426252644
298513522
357372390
483345353
434808353
229979273
417095825
97626083
183731404
332220377
162567495
313684526
274027015
352242825
411248775
484311065
365633761
306268718
238595265
94145855
436622733
128313777
441249673
215659756
475074103
315420514
175756242
133571062
300461783
355187879
439031721
112434467
466344397
244215647
441082112
198652383
421231722
314406656
319874
358271427
38864302
179812648
304892379
184795320
162988885
480022903
455209866
315166421
448894857
457044105
379111165
175112212
457283545
454349715
459913364
201014036
489493309
324556653
120156152
271963706
477460574
451689279
201986267
479295240
127391258
288556575
449430645
495274482
489428320
441800489
494632090
375794580
180015553
268259336
308608167
327759374
347169770
170225203
101739417
167558500
354094749
246168902
503519562
96599809
446368925
398233371
422979589
437429184
290428025
451541009
307201638
435939745
398630218
464042247
74015015
226285591
33122562
344951973
102396607
467737947
117239263
473106890
175369778
293585138
265055985
208508758
436190968
456358042
161467360
350815735
391784151
77469703
281156199
16547169
473448761
457280077
510098451
187204273
120913007
507912864
465804517
498556894
456091057
268793475
271385355
457141537
110046355
336585860
126735620
446506956
491384052
143330542
15361651
381269811
132997993
143444395
462055879
330342653
330626002
331849990
239193173
458924902
442977004
469081836
222399819
368535137
18576839
332973874
280598453
517670058
397228446
496152611
468283307
319778573
225040074
490915039
140505923
385234547
246364378
458710998
358740489
493116056
331250087
288980875
504355264
321354263
305791032
472634369
513545380
330654698
465344813
420683543
85562709
287376765
332705860
495251268
55954805
446055015
461998987
221686923
497349527
505300677
358833897
508502316
188871958
469297962
506285952
315317627
497213250
367710909
386495115
477059734
364408710
337430099
36029120
394131927
500792244
148570919
227404278
438353934
504061199
389401269
451391350
467066000
38551882
172807761
242935759
118346535
333908051
24469250
69435514
488653800
529179929
232954658
488088215
115115403
267099135
126209145
478917031
275863764
207759618
447656812
506374103
99760626
471877515
455653061
487914796
517980106
62433321
488287401
181654986
306952088
474241221
347466968
256916277
330908092
478665702
510312291
378893428
497481965
511949565
447149862
450740804
327499012
8840077
532023610
397487128
370083282
114705366
502193589
155537404
451283162
459742296
426899929
316915590
524475238
332815032
30737353
492909948
146883186
398606679
236273950
517710703
263022463
494178388
319352020
465105111
222864820
280113887
172064987
534378646
338237811
203154727
257274950
455285413
308098724
488540877
406083864
109921329
519796469
138001916
175139296
283430218
338380071
26775513
56309012
29722265
229318142
194113438
533370430
490638239
476094200
197801538
503010437
88279645
246360745
401088344
519006620
496376017
98535156
373250390
539197193
530521711
314394215
236792374
224316385
484650015
423618596
341285580
432637712
43437606
162361583
238577936
414754476
487685122
538007707
343247771
168428427
537762304
498804522
401850629
194268696
445943012
510688499
538341037
40102610
40119633
59598591
384155928
552404725
347513789
275015804
520874242
258850299
220664324
502601606
480553556
296143494
135808947
396629630
552247008
529209317
502839172
509868406
532667267
379350826
125575820
198520700
273958907
549539751
510770140
510272174
532841484
280530210
487321777
550317458
417373687
534400734
478441083
37702739
447429762
412874083
15876083
502768879
425091968
376653169
563967145
79261890
36102172
357509424
522027788
306225681
395294072
538901075
506621569
543809622
19021029
391053650
287357498
427759256
517540187
144176830
468834453
117145249
200439564
186327784
550858306
420598818
524774932
359474002
475805869
565453862
572129031
523954096
575991339
521955443
404815743
522066064
161345442
489746024
378494967
573929778
400044016
417644828
280744513
537386587
478618604
531231205
494460578
411539302
284577111
577037229
59765386
105922022
99682922
5075452
312895091
382295844
490535606
126794592
393947271
543114611
196601235
225386043
527057450
96359056
402644500
569098531
68451052
476408783
248204658
558831674
554670179
153756133
146374339
536025269
391093029
207971005
506868479
524821743
529385627
531902922
590948442
557218741
514741786
140577124
367952791
176080310
568445730
547286681
127739811
313020948
569594547
556206334
540424911
589799792
302070998
444020012
438080036
540437690
567128084
170676636
324405393
197815810
512504523
418942702
110246500
159446919
537265099
450593309
377870452
533398688
453231388
217436506
568448873
300459870
509778341
422601503
588950533
169913352
171831261
88430436
66638739
139771457
280125076
398822961
587075371
261205952
547456483
534262713
106333509
209208550
536275667
533751799
559193112
273468202
547346880
276375052
22565854
505789962
597819403
587378982
433358952
576207136
583907845
319963230
481913266
519066299
587115557
549418107
501278445
149933283
256821572
158883140
416023289
587494398
469804462
300269753
593443617
469130707
415848594
298613112
336041242
390035612
578295225
554900794
352593291
556350664
59760581
517802143
221770007
606401211
438331960
26508909
195274364
423028540
519561568
424268875
319468562
406844770
314127824
556098593
203222568
121881791
4370780
251135028
368482866
40915752
35654487
557333949
307678052
580098373
522284693
168931860
154548107
135083639
281514610
160647260
454771124
604696784
563565875
606175510
606213231
126112602
586280115
111125905
374221764
606462196
272968449
467180214
521014624
280774853
142350718
599618301
598741426
587031579
413416618
563617472
340782798
57167325
602538610
103372812
537846291
479626706
125727768
538483946
360651886
613331306
533095978
386600353
488779890
558461047
272081392
424815934
197560280
571584819
573035878
486681522
563571431
254056823
66901126
316313953
570634597
5111376
435165565
124305928
92119907
572658417
398811266
503892411
412859594
136208072
562974825
492426952
587546101
128993607
306700173
44928518
64135631
407364754
509135608
543989816
319667709
432999949
573940915
587957486
495053882
410985594
422427868
129488570
600774028
319805865
327589518
321718768
440274691
371724429
288308065
595730349
288324998
157741707
165955522
517461178
533293529
303001189
401958484
432327681
581981869
564639837
459030041
625652186
181903581
581283920
315156481
584985447
462963586
413534472
339150942
464084386
549030338
198206101
429930718
620092068
127428476
607294096
19052322
619412928
157919910
610158375
514093814
618022515
63457058
322596982
65509400
525636131
277035516
33363724
496260412
625678099
270825485
304459812
493843085
228628007
448581067
422509918
579195829
504961454
615271669
203015240
589532206
634062495
321206079
470589781
176799874
291577666
444131212
258597035
148287823
588772552
402870841
241498792
583653549
583116895
384940756
581426237
496186804
545593609
479929992
473806337
288874536
474887047
329066891
564340283
524373033
615794741
177040880
580300545
198867677
553633030
253273568
376971558
307532503
593218015
604549394
597377774
586777648
240334427
637235050
410110313
107701560
614327960
585092061
253357757
254392082
541570003
586859907
305050720
237021016
155235021
408153376
462114967
344111534
140443568
561076487
186546459
30613095
478154915
161088292
605527936
618856899
599343982
246486749
294429987
420123424
254880155
565380620
17724988
38173249
618772620
636789678
635943303
402219672
132443544
164081672
481722603
652655098
291988144
60232251
415255753
606221363
380924245
101241835
596560049
631043956
639833766
494845014
387120067
345251769
431362644
102393118
418997328
457794156
604434199
631976500
625550341
205310534
30673751
382517684
489292912
177957542
402669755
587533769
320318515
394895813
603471179
210100245
636707462
296511600
601171346
420282680
236705413
583493410
568111440
606710178
243044739
425168176
599644635
162698256
3630368
373478082
86632575
514206211
422878704
73806622
151823921
50971843
461817019
170192744
444269711
431379985
648041033
624088604
468392647
48169517
486330599
502637660
211639663
48117662
647466252
610784607
637801958
633074934
410161883
563678840
649170013
206114777
499702154
13521583
114179531
629742878
621665036
106814573
577344907
98393619
620815353
651833394
628886944
246125052
264518803
610547283
258601841
652301013
374719051
647595862
666701272
394827898
669337744
483046927
388457320
10147809
630039307
573985371
645150951
628812089
618094966
32803669
630816134
117362227
510888772
58032065
479369025
615479106
392794517
303061266
216409101
632047296
569286338
609976589
633761870
456327482
229276129
565252588
593263180
668452175
187053550
435948107
452645256
144890630
641704549
542488014
634331916
74142327
562856181
530608890
560422053
649214787
294661291
583630934
513692061
142105547
542618377
140143880
209575540
656556859
540652098
256083201
670228629
472934507
632495749
648420839
622996598
580511490
665157000
649598226
227917675
484796771
572174381
621400010
574368908
44686501
210039777
651134439
84712560
627062844
615044094
429425470
44672508
649320324
651209517
352642475
649835250
597834138
670563516
441191603
498352389
646724214
492468418
130637289
516424490
502175264
471682221
231257730
674730895
537903192
328531967
334583319
56623245
436638622
611856358
450490596
595481964
674870753
45497988
631393871
622380113
563637565
199181906
631588878
668678308
31602979
591231307
635725469
256794590
669181107
640370963
222804109
589131464
513848513
440100904
298480011
619908145
354465600
222538415
667380773
641582286
638032144
687364095
536880997
575103505
2764185
11051709
527333097
670764050
317981959
538905764
287570188
688567059
130618806
80211349
495155502
462766932
491435563
458369739
34012726
215324771
666697038
20725454
523405767
665974930
448457022
183310643
593324640
671719053
674686241
348166657
172432363
550366901
659957677
549283306
660606247
672904592
159047498
589025842
565790329
569391298
125677200
16535141
542701188
677609266
454617317
465171999
