20002
1071
50944
79568
66381
1443624
2047715
66959
1147022
2963864
1324241
3090893
1779661
821717
3454379
1117361
1403321
2571585
53270
1400802
2146143
3488549
3032775
1977307
3134272
326676
1120075
2291737
3127512
2608253
4756229
4572057
307784
3202119
581748
5161054
1819336
7596469
3861246
6292947
3163947
6632778
4067371
8512679
1123459
1720295
9423105
11345929
10981716
8918787
12182972
13708899
3487923
9985563
13863116
10308550
8242141
8232576
17946490
3978944
9733315
12312309
9368529
11275167
19012226
18489442
9935257
13759416
13129118
15758515
19781188
9958883
17517706
18877033
19991359
13669912
10244474
10967320
4342018
13049191
19322755
20455992
20396350
21457214
17629483
8838881
20549089
23032675
21136672
19390364
19022966
5617584
1261566
11750123
1259597
22631594
22543828
15475513
21856836
21418309
21342835
5551936
23235722
22970477
21647082
1204781
20947273
23418899
23434620
22186529
24671097
10710897
4188975
14481908
4930817
24567649
20951385
19301629
23929571
17769439
25812526
25775675
29167441
27020733
12367562
12252061
28929795
21146802
26954206
29897409
27928223
3938297
30876223
29509451
1190927
19131015
32997234
20255527
25495540
33348241
33230527
22416522
1262787
33061900
20233507
23788844
21833249
19155400
36487516
9759790
16119380
31438750
13297401
27437327
27458280
37905750
35130584
27431298
18405105
33689666
3264829
38408174
24457377
1985547
22891799
34139712
33439616
22917359
12348183
1353305
29250348
17959245
27697847
19502426
24627400
37871385
34615310
1581179
8842363
13089136
28122790
39459916
40353449
39510092
1518166
43146159
2317704
40078958
36088709
38594142
27244940
36695196
34442052
1879183
25988785
36316464
39851280
37967141
41463365
38782143
48553994
21651022
30406832
32362175
1575503
42774666
23023152
49651272
42779564
7943205
35359087
28257722
5031575
38666809
5394452
42779286
22930808
29536175
47867055
36617039
41670140
42735517
44417697
43948597
48382700
43604851
3440161
47371163
8604026
44580873
21629851
35074138
13779650
50414406
34431913
45194316
36948562
46072858
2914406
47816147
2186708
5406780
48884017
28303207
47911329
36833339
4259136
50175395
34301796
47568753
48323838
4831089
11965440
10705631
47706670
51172524
55431881
5199055
41060461
48845575
10955013
38844459
52133770
27395220
53146299
2032688
53873911
39170192
48854091
55147098
61315295
30162834
16349100
55198308
61601863
16350162
60031256
56384286
58562783
59758240
43185372
39883339
5194660
60824439
57954361
11182724
44262325
52429518
20283411
27990081
61162790
59988873
57440683
53740300
55725854
64263854
59375693
59354343
60856310
41576623
49921501
59861856
44080258
58512031
66177141
66787830
66611952
66301022
32430169
41299295
64708711
5570350
60230301
39316271
69362992
66540023
63649863
11450915
64809172
67300875
31910319
42942374
52087873
67182947
73263872
61024420
47417672
67552867
51300255
47027852
312960
46804683
41837788
46377457
49745849
66656300
70891315
49192196
69082307
39317741
71743451
254504
69979325
37917771
14703965
60821261
71641005
56324955
11423809
72985914
59833730
35250294
75504068
72245800
65061430
72787744
75234424
68260117
2485661
21785708
51033350
64118194
80048013
64339172
37934015
73428551
7225732
58573239
84883792
75058679
50475358
73169027
86581695
83358499
77260484
83383541
24475713
84413514
51893684
76975835
80041528
76326633
78453430
72335467
72616329
61092242
88931365
8909096
78973730
90234281
90412718
22238330
6497725
62644479
38570727
47380895
67753026
80742511
79690772
38572243
92471692
72175444
7896793
64086465
81206204
52748031
63592585
1447900
77707007
45093055
79542977
76086166
81046755
81969213
35572491
68549166
80372479
252987
80069672
83570109
81107809
95082932
81113301
85681322
58773487
81801723
91714489
959496
94391951
83859490
44143639
88115884
85363292
45413964
88867797
78070343
72099317
13374924
68408078
95527600
55955577
17562248
9282566
74181300
61687828
23826688
93221850
2691254
86027044
75252160
89531621
87491001
25032597
98503448
42239280
86215039
89442340
68899722
91321970
87614739
89492469
16506813
63147439
99526676
87564349
85714019
100572104
87523814
88854502
63433143
73433416
102397887
89920768
102554215
94779659
104242277
92190873
103377993
89832238
60916785
102297156
93903509
67875861
86111687
106389493
52454703
97142251
66904884
20940855
99081276
40771910
97815430
96521318
76188273
87461609
19698120
100017531
34181012
68193464
87076124
47957176
68169062
68059603
95743097
102436336
104391454
924179
110757871
3653929
84388952
90533268
93033842
110697206
107235950
102827536
108385386
67816476
106678320
81402571
100254315
31946531
23532949
109290452
14711585
8271233
79630896
36716773
15180964
97493438
81791780
16532445
84460734
97437810
110311196
56622536
2621048
110913555
109760379
109290590
107524767
59721222
29654522
71965835
59981360
105775315
105330550
16147595
108472848
111656798
25812364
72741529
92104210
75164779
101061426
55189479
115366581
68756536
115787950
37780203
95425297
107887995
26051445
122045106
50641608
103487353
71875
115600198
104529723
96851870
117869946
113448474
116507222
50968821
111895105
4766414
51612065
81820981
110037585
69720570
42061322
20263175
42871556
42353971
119249631
42961330
115897363
66928732
54819380
9471438
109391686
66724515
114022955
115557242
89348376
118560959
48308431
131894223
27178510
62012561
81601027
133202191
121304093
115186264
124255469
89892827
128113133
93585498
72234297
124970987
122917874
128926708
2710075
135640620
113587711
127443664
131414328
103350403
98527616
50732429
123839201
2605027
128282517
128746278
124216688
8399245
18801186
135096146
105301127
131512154
1471197
132475450
78860966
21847787
125964961
40901646
132624905
24161558
119552433
78500932
123203328
141997749
77010143
123133275
134275725
116447514
8270586
50620713
137168719
36267416
13279537
138699731
40598085
17245603
115405088
77310179
93723196
34570275
138239815
139645263
137826161
42951561
20076693
9423057
116982272
126168212
133171570
115165673
145330132
151602887
108551571
24102168
137365376
141551432
102629991
34132324
113699860
51301171
107114705
96609901
122196018
149628766
129637869
144701672
88974815
142280675
133623820
98891652
9585273
143573432
161949024
55731138
38861431
59082996
147432835
129222116
126812207
130447450
69184476
150613687
150815149
135206830
147391644
144467341
146502969
108134467
55284951
108641996
91878206
162271547
118871500
90448412
123345632
26756087
146622850
45415773
150177894
159944489
165491643
148193025
134618458
136561484
10688765
2960972
103730054
145148879
153877945
154898249
37527653
105808348
87296886
158634422
152374030
141071822
64898881
42529389
17045719
165319883
157860609
92555607
27621689
33016209
130359116
80875781
173878497
139884982
107639078
122905320
2945141
141040675
84765565
116853121
114229554
166757440
109647399
180565359
174014751
32004471
176562714
10713749
89753413
167443734
165302357
90429037
112855663
22251749
171917013
169653416
169567194
128356423
122959245
144213898
54224660
183563130
134633145
22276146
172790029
173697056
134838324
93465416
130060670
133822476
165643842
57706717
178319778
153571984
146128977
94716018
172328430
189542208
169496358
175348761
128007951
79174077
132767924
180023927
126263535
161975423
20665521
171173760
162652120
152835158
160400865
182109034
169939040
155645530
49404298
189262214
87322519
172951131
184631703
93660980
147301857
146776924
119956401
144172066
62470464
156488255
188956724
181949475
44502417
146736546
55793813
179787108
95124867
53685101
66792067
138555021
180707068
182093173
177202144
145794566
193066873
135988724
174027644
188556943
177287188
46222510
181439524
178552590
198067409
75231782
87985451
194300745
147867442
164054779
163101294
159661937
136758308
186753680
161036900
27027463
201037508
160092252
167298214
16420911
137592542
71582521
184790922
167294226
197966566
80397472
178494344
125214410
202502450
189745502
203148809
189066068
59424144
89675082
185092606
13393704
188230446
167225484
151832258
157700284
180704924
141904309
80776753
93147031
195394153
109241145
166750063
190271985
72761391
179066810
45644197
136685780
143413433
103636205
77157577
176056513
198521713
117380703
211140400
192947603
210518317
127111753
150559383
102058979
108492991
112612803
43113161
186403507
212864639
215575203
164423534
190250059
72496021
217618755
216115720
217278239
174209477
163546081
165788587
222944609
204741391
192105105
108509220
166902381
223868344
62577593
1768554
156248611
202666370
24632906
123137370
98782615
205159802
135778427
194588665
212626634
201095697
209901294
94167717
137889942
145821175
56591931
228134680
99071937
227788867
220325789
197924807
117938320
227382953
184399904
112130249
50970501
219182869
74833721
168364973
201768762
58538010
226639042
226997436
174985409
189825678
77866547
121028164
173305649
172973398
186278453
215168978
214796039
158921194
230661031
212984088
196476106
146438170
238696036
169343011
229456240
223411290
132681071
114125249
231837439
224280361
186483709
218337810
166852979
8524246
148327185
187854906
108836428
217717332
105149308
235758824
215212156
175806005
46676245
202438114
217934997
169748538
193199987
55222047
194067287
199894656
18636368
187875283
210167522
48257479
85963661
186763370
236156080
101621588
236993631
190974649
179485983
154680916
181922726
242912770
231026016
59716108
237214525
196055188
44429752
150481918
221447067
209942596
64024352
238671603
201892329
103289358
233797598
115114043
185106888
225956331
140827456
61157308
191666826
226534154
199933668
143432085
246564429
115006751
246479433
48199050
165345760
244673372
245556114
193944375
227041775
222270499
183769148
189834883
195346152
231532135
21685581
142789046
225572017
191176930
239577030
187687624
144131036
61712655
149158380
42697119
167696231
199214171
137970057
5394029
126930949
253876034
188834957
133170013
48171621
146054733
243307807
249644116
40720688
191236323
42230965
203131477
193195489
4935517
111021852
240265362
24385963
144120494
188634124
52087872
170193301
257284690
173047216
205429600
173086501
153986131
237516469
208007053
243488792
231007478
223819606
238596815
147188500
194721127
217692674
229646307
241097576
181030732
250281291
140103232
229303595
244307630
208266538
31303711
244061449
94971021
228066378
202265901
202960861
32225401
219667316
240502673
148436848
223944802
31356211
262861708
60366
91245696
169241691
181838094
246174036
237301675
259774903
94708195
170119735
242376413
167288638
254134347
208812141
238849159
219619873
37948591
250239969
252617469
224542439
266017165
246953578
93090573
264123273
184525046
219542627
265433397
224883611
194153615
244733739
255501510
50840828
50777852
258594824
257640958
122610649
207355567
77156147
133442906
207301224
200190917
249067585
53885810
249651915
68650803
246484796
257565004
120140433
200878052
130412272
262570103
267531852
257016237
258847969
126251319
50034827
207953541
217257158
257531286
190116781
208503031
197183486
139046147
172906481
272057262
213814637
268303631
261322970
127647293
215276760
190604271
221056285
149965475
18796239
259570330
83118665
247038554
263776017
174101544
253430515
18705638
221712112
270734875
220985330
140055683
268996135
248582019
119538260
114051842
206550557
263816702
163194143
51808877
255726984
182906468
52998050
151560541
252609077
122883527
69613061
276680443
69326250
174381043
271363471
24243134
265778326
18721733
99181900
119849512
218471655
69328075
193079112
255611398
252062803
258392226
222355164
263006468
142030948
256618605
100284208
262292337
273584531
196618708
243082433
166951592
33352271
261348299
72893920
274400644
258189694
256689722
235521885
276883134
269390700
273852416
138266703
224187969
262897799
262741077
268604085
271284717
235096882
4162971
151367798
73201249
255638712
227787695
288679066
239166131
229664294
114308811
186722849
123000758
251894412
284923607
51114911
239809991
274489284
150303163
220253049
108555665
231421894
146696043
199459786
266122794
217948426
282449258
266801694
281618583
226638843
178264641
235477116
264770137
168229802
288114997
285880150
281157797
207188946
266978389
136617589
283411930
155563342
161919125
269771398
40139066
284810960
270031032
273864844
238838287
258551873
288430017
246725028
237198016
83393160
172948108
290782801
258354614
165879689
265924815
289285888
286499683
155478526
267114582
263405234
97241397
287112132
173211228
288488026
232781087
201322922
269239952
132620552
78033140
285298127
274733158
145656273
284261852
296677146
285557459
248198199
235500411
273772846
269061942
207559640
244461228
262493461
286164842
93036618
296592808
234065804
286884884
277203693
276893674
119371640
249776380
190678224
271176102
125427875
281949577
74821491
177876168
175039444
285631733
251236223
193353842
84676742
243046932
299674570
183757552
185985339
212956894
244815384
55594843
275520221
285878474
290930288
290403718
222021031
188286394
283968575
185079297
308152226
181317714
254891419
296627194
308033946
73893458
284493462
111401595
276803968
243221412
217966111
256607810
291147299
207309287
306187783
290847972
285190699
145133544
127439875
120758761
288170609
145304720
302945163
289759889
298097400
278227570
237909474
294565592
179901960
120848668
312397214
250881602
97718915
277858957
162675860
128788430
281989659
214335734
106838519
239690335
252563925
185722508
203738172
120075088
309219900
259477621
252210514
300986221
150456415
47402903
5391060
130647894
120979865
61123333
197386164
52958196
204343096
6916660
102916341
180168819
218806300
134309808
299136269
293010810
316384923
231127792
312990989
6874167
226387802
300832663
293563434
151703886
208599983
312182942
136629389
182446658
252163499
41190198
326459350
227687954
230534443
30535307
129668061
127068849
192266036
299847824
290217194
322895050
264024997
133067838
320359981
124602230
314694955
282338053
238624146
225300944
240950527
168682903
93434795
185859840
103481310
257655865
320389968
166252213
322843607
160130097
289662781
327934766
319581797
304700160
228337612
302528548
63817310
149003320
324216825
262077741
323419704
225394314
84032057
16993916
105819471
238014936
270149537
164589839
279423735
284436272
266378441
328095040
162157095
155434354
159493822
161442510
210346623
329040327
288756059
272521376
305587514
160057927
5828400
122262500
70278067
63680609
199524774
107721327
160309280
104542942
332368982
318251092
143287171
175690282
331099445
281492062
314339795
152663888
165459664
50441453
244753498
337008538
318073331
305940848
316900245
339606934
59639916
216552765
348589536
57420891
165077257
16594935
263831509
320625217
275628467
345783025
346472699
315435910
99677644
138022963
166811380
344518653
203003312
324541505
344405486
326131290
296435977
272983871
247440881
142796762
329708912
344122779
323136476
343653517
43967516
342872900
95071080
318584254
349931515
251855046
152940757
348294031
123196474
287160008
334800328
286493948
215413938
215049210
143497097
338639722
188845896
260895345
184802392
283849318
229356259
177333418
183145157
332264706
352639198
154076961
332840382
352912496
171411774
136804947
256524341
276789816
341685476
203740269
358487354
104134605
179337391
350601533
358996713
310024756
359888236
334791411
359978844
303109937
298315576
318647109
284298832
354262822
301642009
338246729
317298880
310889599
266777480
374114602
339591443
334817743
11369434
110079449
367971461
348842327
365287060
307302313
237734194
146177810
219988240
363327359
163274369
17855316
182669921
317244675
346572047
310430321
367492307
280935684
348721120
325503072
368723178
103757369
214579848
338830628
352204837
330987116
350529804
86498847
266911142
304013211
89443416
299639207
215076216
300805057
173665163
360071467
308679664
367577820
269073147
267708873
210931718
363529825
276456608
282117944
150730869
105323425
108190505
274224601
369416587
350580447
346217772
301809424
322235965
104861147
355535513
302314435
336114189
379600860
73258462
331515187
374972823
293082595
346733815
89941040
253914491
25624085
307366938
251908238
223176119
162978041
326079666
313095540
379578487
80841529
358282278
377736900
320465618
92240901
256364807
361242085
351341312
215470122
291678385
309383169
38827505
236528015
377101025
260163983
97663029
319486786
364335154
369267245
328271934
372479362
392613732
357477862
181333219
117356972
357830344
221177145
398361914
368925499
325191506
164149801
120682215
370510319
367650299
269221544
374634365
94848173
330839766
308693569
332554869
34775179
84949560
372683744
331093324
241249300
114349319
380352490
378789218
202834421
393759904
353178465
190452242
392360481
197902822
307601819
29165543
169663734
402513430
330835802
359462828
121099557
319428884
160493241
244867391
403778963
198452226
105767320
104223790
396022272
8425850
384562772
317862066
388942386
392065613
114412515
162712340
382159522
399691905
383544771
361258719
384324603
349653132
146480457
385666099
47046489
405407234
99256660
326453850
225949141
305418430
381589388
395995911
209815176
28095527
239391648
58530203
403161948
253179667
202908307
74101728
391110748
116821653
28170886
143230015
165648667
147903446
341905193
401077116
53402055
121862100
175522672
121948192
388554654
343810470
333904785
172755281
412610283
43310809
398163871
409886991
412605463
13576691
96787449
386006865
397189036
251755394
401091499
335056285
292481970
398832268
302784101
413568978
393347105
407891217
387466786
12862300
295801927
371942250
415795876
270998026
29776534
43517949
341037982
406497337
195951366
415593023
406654198
310422242
19296773
396819329
420095043
397497301
407237390
59891503
402844981
102649819
400933284
423601876
413139284
344943576
360541024
19228119
359044243
305946750
216801009
405379186
115935092
13117373
211597973
309230069
75916516
417097874
174600290
234278048
349754231
215330944
423816657
103484941
422662627
352111538
377270176
60077835
391917079
351878562
427059693
418140101
32398262
264809361
391969128
410131950
175614251
417431773
317797679
317458067
203139139
408062236
334822198
427206256
210461531
309270148
352179965
351333574
280764342
430279003
185626325
416701028
202228238
18487733
436900567
411030105
433219660
157053928
385224177
433660467
409488741
365463272
349420588
124060666
272342232
291081583
87762489
391057208
106923512
110319555
61830825
414791069
156090593
345261965
334579984
76221469
262872517
414830114
158988956
325136513
107065322
8367507
291698462
47768269
375744175
391294521
321604722
365989133
430760326
208483214
316091300
415914053
367684254
422532538
134771558
175180473
62932422
431580115
417332463
110669834
426729768
442867068
358181611
431178123
277254140
329518516
139219124
340532148
443103105
255471293
397530490
428801676
444945354
8659205
149787812
444314967
133750669
200931576
108125380
445593528
289379575
355788858
444953790
29827351
370709137
425800425
18386822
417357048
276967662
322551811
116326935
449721732
273714934
433333822
33913499
182416980
384170782
4115325
374900241
350510127
447832751
437061832
444441695
217870670
232283271
46604835
197713807
301085139
445722999
196984802
314054714
283496090
403482352
44751008
436433049
137294716
430822277
81801062
374156692
91293375
436131547
153219618
457107441
454257629
369337593
309670758
171599303
464320636
259357605
414576277
192474922
347900289
383637927
454021128
86275459
257479008
417057398
436420918
456581423
292489386
409859360
395454128
305008687
162506878
121244295
447315243
313443219
445923907
351746529
437854840
442123333
460043224
115814792
353212632
16822142
267353451
384945182
182951426
463771789
451280375
456688050
159578534
332191031
446175940
461043457
288071740
392916843
435822431
303210920
397132579
55209041
47958071
35248097
385298763
393967143
456734827
334569971
215014865
156094145
298710832
463877375
467857013
443981471
285388408
315281018
65051747
254243294
448682947
67926062
219593461
403065582
400861063
199331315
469073541
314750197
393062591
392073032
456339112
280349415
417064135
408648267
461369467
455074674
445414649
395770355
469945318
454697858
468822468
466080975
421257823
202610849
471342965
351107581
85415123
453797221
459531277
107963587
431317309
348319429
336151821
463863813
37531658
452316082
167582263
320841000
395004292
472267280
321914834
457858392
398328083
327112500
11497017
461849679
175032838
61085473
471337838
464251930
429412729
480930540
330541190
323609905
116867430
415423564
394785144
475022438
445664109
292111945
394209802
285516946
101840427
66639463
381991019
118539278
121308985
32655275
463513925
411780654
481408293
56801017
9760450
201337251
368120372
5122688
205276807
409357099
479842162
362934451
282954692
174842101
301425687
197334052
381080498
340397218
117304652
468225999
355701807
433848488
94445303
195528658
86938541
491561038
356004203
448872556
485882658
496148832
161871611
80687736
451707247
217686143
393518653
491864084
466296238
471992866
292681317
462019580
469182168
401606176
419000655
87923896
490652429
462604653
416238655
411208994
119563885
430691522
488836253
149589385
231745850
475197751
500824562
477358049
203826064
370865311
46029950
401935134
476938220
501687348
257487812
55327993
495942340
459690212
450170662
355678639
431943704
132219179
164418975
496486655
446207653
33912183
472337780
415589825
498643212
420006551
505639534
454824954
503005099
222352963
474885777
140341622
465680874
455031826
415722597
418444817
304745736
477798759
25787682
297818892
165521120
374617891
293487401
222588791
85041137
149273502
488258453
67350929
488521014
162304476
337518639
495902916
434080320
242773136
421479005
506140224
480433079
480459099
123218999
465373734
129505036
6299561
505051890
487670884
480102912
4203143
428697995
290930864
363180953
491842515
472467331
421494507
33360682
242095355
331036307
363119996
295673063
242124661
6383091
140893606
338695211
480725471
271357254
404674926
116180145
516240010
336678781
182857798
175893698
192634305
424014533
484618877
132437790
245619597
480552474
514772229
512353885
504109206
386657656
394220465
325759026
342108192
217945505
481442620
430325099
478390919
303140267
495324791
517428491
282629135
128557099
510779577
394879008
451319751
169467608
368110928
526848076
497052935
523908213
506704644
510998445
115502617
242369510
483858144
511262383
513522757
358765449
423814248
523866485
520017999
492135092
109455261
295435882
428523906
500076553
270519690
363102358
522655382
496574192
522648378
439287557
443352365
521384083
131038469
511898165
354025799
520710944
521906956
479322111
488237184
512384734
514046970
512778312
446885320
164182124
21113609
501632282
171926207
461449623
523690800
462513160
16874657
514329165
32405806
235290358
522665583
333359857
334998532
482491676
507552662
157320859
174749113
521359160
373025315
6027724
252199535
386956220
442861223
531051735
481986376
517458223
491701191
535066384
285886396
430447076
523831565
237690173
129234400
274502955
221882858
355272503
546727238
468068601
409694385
302142568
546452897
417018985
474949262
449287787
462376988
328807706
484889922
361774103
494224025
343468545
449501302
553124909
549789158
282868135
51400897
531573623
532772989
361498366
167667605
535620081
523828971
409585246
362022228
267399803
63253110
478839863
470455951
551533097
456450938
455912992
507860973
547348552
542527468
391394955
557012258
472974055
411890972
560002762
384599649
562134258
547039559
455993416
356245332
440763335
265930337
529993217
218185043
455879469
551161100
557038484
374082808
218964153
402198864
279062526
486245302
535730289
561991580
372823340
25417967
549261060
543955460
365375313
505236629
69687061
474589590
12594246
388784242
507061842
412303017
54573068
419424860
460137217
30579675
537854566
446099487
368613277
374576689
527717041
564141363
537261895
528175786
463048530
402442014
221618609
432229475
84464649
410144334
317816099
275040485
577077078
560080753
556684648
253011779
519428452
379180858
120988418
487282396
272731375
562775927
552853254
325672247
437390875
491571508
530298759
415551374
363933427
573345410
196764952
229888588
563648109
286012136
290332975
583898738
551132660
85582368
534737795
493322978
262878003
564603869
587626971
438668920
482720448
584278041
567108605
586161568
333760539
460662318
583741969
357823938
305608424
342688201
252021362
375429270
457962532
575639599
384327780
235621142
375982504
579162475
292800894
89931791
562068200
365811721
580088535
195031908
522215659
523016482
583288814
449527896
381592740
547511721
558489262
343805580
577879916
90912253
590770029
474423992
580505158
367602611
152311898
393944357
75392963
575540501
584849375
469988271
473175958
340143962
308917264
569144337
257811071
357888523
375350266
218884546
585579511
570377917
595782516
152923414
547967271
575790985
172180670
586818362
597719141
497346016
579037535
559022065
548152466
256749359
493215568
259255964
599023552
572921908
474059095
414331769
586395405
598515636
21332269
595611442
576861726
569204269
396967723
7702650
574138167
575193006
396976010
343387944
404404605
162907104
503042050
293122128
591480855
591421955
407882018
255258142
271456760
389407911
563048895
601863823
547248187
549920825
486606260
418083207
601383745
92650279
268080725
3329836
434942243
482703975
401480040
468846017
490290469
306829136
541060906
505699923
207229381
522621253
489527289
121430629
549496511
305797114
519186466
416041707
579453167
591298431
494325908
518498096
443927037
143443875
532147720
503222125
201004570
251664979
244798916
311045989
357523072
156782600
134896504
240054428
79584615
518434917
493236517
556494207
608779184
361806982
212904504
281205300
588358658
610520491
105947318
153748837
4540197
589915192
294280054
254804602
29257709
610646434
576094478
502245206
621214104
614441694
160790662
431163374
252809701
211509814
245640837
58816797
503311464
359899384
223057339
214057865
73277810
537415474
194883656
80768215
590776043
537879511
160605356
432988038
237744683
617922347
611191922
598092015
457935408
620174857
609177168
557229680
612506192
475783162
618820790
607735279
600113792
443143614
498548290
569671660
449884406
435724531
441312009
151587702
629825009
625855461
194100656
468779733
628869479
589706192
273432380
482706756
511052196
414906460
120685882
298547270
618595401
44642956
610997827
615217196
610974931
610561607
247205763
624157293
622355373
254951903
204368371
620331564
615795026
616630011
534003895
119126234
145693528
471325801
612664021
79656470
192107376
415789581
610910161
436811689
593040243
513350375
625300285
615921253
313753081
533762766
476968890
616427253
469591920
619664311
260787602
375958101
612646586
518078737
99169606
467660570
331806009
615857641
475873072
400237087
242939466
496579460
624110053
85769111
107656325
400769998
617712103
586462576
468893227
144163002
630633234
441099189
629809082
377378053
1810150
628900092
635615326
164047172
585080040
307736214
451381522
190012407
383043512
107645089
211125208
468018104
299293046
244308892
142134973
83544499
63024599
370716038
443772042
291141463
365101705
423825103
91506833
226842958
447370231
627133689
370339131
633160837
198974856
597164261
572872976
640762056
621737732
536492630
603482641
645199163
543977554
142323952
602221968
283877789
642573949
510778183
362416596
642420371
425658847
628205516
286584645
438774241
634807725
639744607
283996186
482659142
8199286
439812440
642928077
652822958
647633112
653488309
568423842
55649028
404201177
263968129
635640440
539935567
241095337
167524957
647856779
572867747
497341418
551038094
73600135
235194932
619771635
489754219
534796489
639688981
539739545
582241812
346564191
501729067
209391226
639144744
628669024
556641900
639088338
410995736
168376508
572406788
423660529
648148545
657430468
197146314
558164409
450623514
69262098
651343313
299967216
451962684
114468670
170022052
652552680
666315464
644990823
503230836
559049039
645787588
565008030
641674444
543179911
218365832
560355874
538504947
662959639
449321818
306267199
644776756
155262004
584526964
648680357
493357940
489903397
383525864
292282346
219246257
526556934
646729243
661518631
46122150
339930448
640465432
642233002
661937835
667151843
404725428
253329418
349642739
52604270
664297916
605763868
184539111
648325235
625555554
455851243
664579507
511818940
671018749
648905619
439592920
572657200
661719113
446658104
203962097
660710761
547319693
476762974
548742330
416205556
667136263
554798407
66140685
499584859
646143436
554807688
88496813
513517474
572874229
46046592
569666564
468549025
482385226
435652873
609037488
277073316
407859527
677408929
233208120
558132775
448995056
102624051
127932503
73877383
668304589
171557192
488665273
591410328
609098645
536808023
557228283
668245752
358829258
114679270
451288969
654815371
192375906
65635777
491534872
656278989
166543826
680941246
211676102
681923819
605821223
315381015
559913744
122986715
684582990
656498057
356595245
46113829
652421126
596092914
332397040
585965743
636315841
667474675
404837402
663891002
158905602
212779694
613409968
10436734
565887089
644722779
671415157
337953844
241643405
685756723
361758079
661928728
679425845
79493326
681731603
519790141
340750970
208690339
233452258
668130566
32544874
375882663
541310110
145047973
646342181
423823699
525855359
353185238
687376927
408486820
664136463
519918576
212753624
569820262
119475497
544692980
539919106
488199444
681131849
320786842
668833452
375060046
286518190
166147631
444102239
680644448
664713951
444130081
616920727
585084047
388975390
577935295
678357571
691680224
514404082
82829529
699595945
418421527
414892116
692385422
618207275
364609215
577606757
321682069
582431483
276408805
595567977
293055402
487143054
456724095
75885995
199843717
629688681
683832805
457722312
655568090
274324169
675440585
315360254
541330351
511741082
315326584
408732886
694883185
690002563
556453378
218051311
686536337
564658700
703980675
692703370
686953559
496816909
580156625
416095299
582010912
528245915
696640053
435069924
452939439
710988839
678269638
500120116
660865052
619633986
118225364
653189532
227799670
158495044
696056488
235388821
309421910
711715509
582369875
129635040
579344593
648517629
331199024
685460220
124118106
426374806
712108545
205860849
509596719
702202020
673547355
716144827
708720347
686828574
586069414
718092486
711132711
44391752
707553329
599509655
710384054
511020904
168782819
705993060
88245605
719479750
679204029
685490795
565201645
701690136
526347232
701118325
573801153
165271135
269054398
723266650
355023854
715674258
712402964
447943190
701936225
653315225
724855283
661866273
297938852
169388518
685604228
47575249
473204529
58704317
592939777
717239837
725557780
622630235
721559741
554118988
465536102
718934348
542367220
10808091
67296292
378524138
526200536
466288353
373823422
724892796
572496934
730871326
254123245
94657419
13915580
701025903
54146682
726883680
166619266
628036767
540731294
732742932
732502219
734314914
674905268
694105121
724488932
702086224
719143835
719155670
709592049
695624513
691912825
442551049
654800679
702986387
697179234
478165707
544937241
562780343
562180195
584496937
606781931
702693531
78513673
442919232
723494635
330069156
701153603
659477770
517123678
283530811
313113101
564408912
553650281
429113577
577805651
639645743
481055136
712346331
718603331
720471190
545041928
542037775
438124844
399705843
235551882
589987454
731908880
731983482
538644030
124044581
711943829
151478425
580921877
546541452
703272286
358972958
639538603
136564560
731232187
286414568
234505155
541459325
532317831
288214790
100198073
533144597
735356052
716470908
286887642
324966331
741963095
644080169
578962367
563032482
577611729
527823556
743584227
100905208
727804934
377329211
667393026
416706845
62331761
406592395
592101859
716003002
573962986
479930782
435799948
716217381
84105291
707766302
735644142
748690649
707335432
557496607
585245169
644585388
476907447
712413575
510255220
519645650
720173306
338445782
721325727
329190267
251253946
352567552
567427385
690313459
135410478
176443761
600907706
738897190
167171854
737531260
110649734
748656159
726282751
483352328
751488248
284613497
431930467
626516049
652593144
740766013
193247954
259350697
736723099
732516163
540845335
138433257
569574412
494311582
520712410
625131606
431208426
174119537
750574363
547249898
607193226
573809808
714926717
482591458
389422114
623106619
455546567
130160686
299172733
720920882
535361375
31361592
568245477
566874187
746604964
460287985
567469860
716755679
576651548
449366552
92024343
216489494
756351329
656589463
708850533
191668887
350070853
751425947
753465498
751073516
749288347
757117294
281218414
596481416
713501818
752633650
331534861
727336310
636804297
324033652
725519161
370058595
426699154
167718412
768606979
336854428
684041456
746548819
620464435
725297327
620945104
753667834
744629400
713337919
620114893
702332148
69773300
752845916
752767865
243845381
760323992
710172420
770217335
545150269
680890644
653817803
272467460
632942116
754833079
735595498
749646652
757480828
758394905
767189771
194654058
760299495
367702483
147979585
550299390
120424554
759072433
337562148
693299795
485672311
741975850
293658358
669178787
578523974
311801829
758012563
555824047
24961742
609063724
692561433
498639090
725228570
742611321
93132377
757824038
163854115
136329087
644599263
735562210
5550100
543503619
376283346
746001143
774747034
686471967
679986682
466117664
763025466
689550411
761138470
646723499
502973728
634703923
780029274
723132557
665471425
761119846
777242039
678666839
770613736
183515276
772567479
723023442
512476779
703169413
263663132
739403078
763041116
482738050
540956000
186740553
194566874
563531372
216492074
769798994
745318792
681538013
124341477
697836488
611947774
744703398
219859703
473321252
677604480
582563350
400318066
766727693
149074918
243852133
1867922
710435266
282927384
789657621
752498071
195737705
506436829
599817649
279728116
321443379
773624424
791874928
345291655
433347352
688071034
487004434
779730855
770141368
750140442
762194191
638575328
445822758
477702526
774700976
776514861
775836955
82876378
543517672
783050767
408970896
607574525
778770003
64218792
781300211
796851148
765501803
587957799
541449972
781208937
447652437
780704532
684288982
338587744
765385144
115088016
241089117
640283662
184505180
616671638
800531958
117209867
354034547
783445171
784832604
668720713
693918652
668288604
318014476
306555135
782888055
577478739
245132936
399186817
658748287
695500472
704264698
667780993
222544600
629811928
592001983
356961442
392726017
775056780
769926351
796856657
315985382
807285572
619821417
793895751
794906613
95497148
785373170
578084031
789527088
799608859
319445711
179232831
789998373
775290904
672594107
647422325
214003103
501556916
262712089
118616910
106657737
40042668
795687522
548023425
771897257
316892375
773232377
751088318
800411666
800493285
803031808
818661622
333481357
118669340
607691521
819071104
816545321
801384063
451490942
799794389
396703501
803062175
653780868
700725696
811480074
668049635
599488536
69054234
168878117
278959877
331054108
366706337
449412759
807434324
821025102
827848097
288597537
750618960
88754854
791809931
816053876
773693339
265158541
391090175
463141299
830808112
680146733
319031875
585916113
336122541
779695914
492340294
686304864
529232075
270432733
830883673
627265832
639218188
814735460
628977807
7260761
234868955
481381286
832630348
788796176
816479937
121371312
822240022
834427763
615601503
352995185
824853154
253727261
783437682
265893654
825683110
56996913
399576482
791071574
452628765
815634276
700285302
669551597
788244950
388605093
77622672
644643354
59633635
632538967
789258369
714508354
817584662
786085641
49406878
815854761
808486012
194713642
790526735
838133507
406349273
821280168
817028220
462410934
788751420
837143488
411647465
846390089
832514557
810387812
242595565
683817624
337582243
718600346
669184881
759349493
843274930
737276735
823028157
794363830
823372895
772451047
560370739
513337872
827964487
465239306
741462874
329381941
416314578
556610917
388417172
829978695
203502898
497417853
530592149
540247259
765718666
581982432
585805819
304458676
641198443
767263899
656034603
715197027
827369784
790329262
580870625
666813921
698863088
608480999
743673821
796806370
808591609
813675546
341882438
850318136
418294309
701037156
768098065
363768285
59507355
801215923
371551168
710836544
821649299
441366502
761053185
595046316
788160659
703299290
611516112
834017400
845372059
271741119
537290387
122692615
501215328
784707110
821196495
80938660
209250569
855021551
847995591
615915915
129274867
835478715
810043777
835962962
539314724
830831711
493444679
505362270
856978670
755192048
83290001
838358166
137903283
768811435
858721321
816638049
761645116
246133382
808704553
687132417
812216526
768733596
559256857
743957326
126872654
850944645
816545489
506550440
711312968
474508644
113537422
421505025
297377765
855801950
757144605
864566444
149170411
821225080
326969452
812580065
846781548
634159852
207343137
275073072
864250625
371802873
389569383
165598820
856463985
601349190
138543390
652224049
831931963
763481090
531056381
434086982
833994082
630266252
757095472
866902551
853621427
384249104
853118300
747578332
871857105
857461613
856696790
561587914
379451386
378350656
505459807
614077479
121467540
754503665
375994072
537126111
813181419
848401526
876850824
860859812
303370379
254346470
720649700
638074137
209337437
401700499
803750217
772728412
814494807
707829614
809955785
880804818
840798026
840546869
829612466
146169343
492439828
634473068
828674288
388244501
875097734
527599880
864058057
757884090
376275754
763106472
35893847
787276210
573498802
873948116
859500988
399818936
845687468
658557729
789867038
761634961
38484354
867119036
82096996
167612296
538202363
889226913
877131142
870269074
792225377
884057117
171522709
421120586
330155350
694562785
865169865
327270588
716273835
670922488
176406865
512640643
395004852
686089195
845571367
695325988
697995327
774146975
842903890
496266661
889407903
690590759
227207164
887763378
842245302
780544187
415866580
823173890
435342299
124582058
850143458
880570751
384774780
762022175
878828405
794226415
556819520
39501195
172204508
466016745
895294059
187374952
901822995
271375598
295753876
882725242
655712897
897335048
413297615
731421942
894347718
792538254
867266123
847359208
740681890
724809192
883531925
884695837
742192787
115307364
340880179
879435764
602130565
675326269
712747955
818951505
144011611
852365190
897071054
27844697
633538212
904500274
227246929
398603287
66510889
434367225
690337099
755382256
887215691
150130768
896079399
895806546
645866041
427489730
197464308
853108601
682212486
882468178
873275876
5542069
205161886
869302848
127474161
588023611
892063533
277116845
460685758
285683103
786114832
910324021
816214545
864801163
619094098
333737390
95271511
646896004
897186868
710851608
521808324
739129675
359823912
860414338
761737819
80405348
895223375
905605086
905660608
644186541
872204361
643407090
853080731
864519033
536757791
751711751
686451191
749875091
907333452
734319703
741516361
862419556
877282258
149144962
897439224
47720248
886231596
68303477
705401078
615888446
390150291
60217887
877679490
906201069
787120134
914490544
454339425
106693712
413928552
898400037
455703891
211869897
677225701
505464272
795403674
857063324
564870672
891221521
907294595
671389687
405125576
415852499
463421943
830457225
693234615
916906461
910269264
825072292
862986401
901859536
289044824
607504601
397197698
894175625
872570327
912274143
698704750
481590199
895479204
879053325
142109963
896385136
906981959
804124871
732402110
677131284
683131890
148344073
894170626
790070555
917311677
888548257
899946902
303836021
415795532
917470112
878684192
320424827
865773539
690826033
140095951
31120515
930651946
573538949
635159416
927197942
933115223
41585649
343388019
683130038
903985313
599101717
674077934
406852136
882202611
555093692
884960249
879893495
782955922
286122971
487249465
886599235
929842164
371205718
924229142
763721481
157548442
226641710
524372292
888536191
921560086
899559387
899013235
537146861
932555879
894799549
673790453
576699483
307360847
868383063
873601164
403928879
853933963
305731216
747162554
276551338
921730999
890207236
933141756
938067197
827660217
50503177
513688349
421620452
759984693
138493999
932187635
902031050
878010655
749912705
890477290
669244280
868133767
787455277
466766093
913829949
335464951
865185019
920907717
590168359
914356803
893641778
896748314
900591504
206251744
640087184
793097536
930292186
781758283
932760788
462794157
776041799
923926300
785298604
923322056
272890548
545751935
947688825
626608142
736684255
845605564
938210122
534121056
510867726
946265781
937157747
618019712
62144159
947349610
905742112
942915599
364369256
361951591
777807134
549017616
774049215
778852522
525136888
795221129
617934178
777684199
762650446
928153175
472938713
791705534
774914717
941336250
825930848
226209276
954014322
908514408
942565392
267416232
726900163
240103290
348934907
952573206
413115715
805728290
697113712
827583277
944172983
933652655
958170106
934052531
857722970
828398183
438366161
123495210
961431720
950752149
908693204
394601381
710238574
948804371
679911367
740299989
418708068
784180653
967685987
860198118
955669938
808550605
928252613
247280035
74092076
756823607
549965660
826105731
919330604
135009398
278066849
953246232
889318946
955564404
955016778
251821730
730334483
275193450
700037082
588272293
566129459
698028390
627619265
876766033
396228605
530192508
458587856
719524811
545369623
960911212
935702020
745998729
922918657
292178963
115863385
921530905
969947499
922115749
612012142
716292468
704310405
182821409
620543650
131819459
973683617
835302864
275071146
648867371
147212780
450052447
735646620
870469045
467923973
632602499
977024904
962918705
739919188
833076907
577834906
968606521
253329084
949342810
855897521
784966945
977646669
334514480
282825322
839971084
270255110
968252662
744663168
740932091
165659135
414686407
179276344
874280923
872338136
561084127
515298303
515286752
742573850
819028962
201382093
818860556
984206161
484851329
233758847
962648983
651480762
771580116
37520558
720589979
368261027
536847646
762578487
586027514
765527005
985251442
621268136
279383253
977854130
137802534
89475135
847491935
752210354
306107562
804467102
539435954
641352797
50966287
749667028
394895979
991659808
975477364
820773673
988551747
901045909
251709050
988456731
349692552
713256029
789744877
1001262758
795586229
826449586
522793353
224034447
643297034
986843370
984532385
407324972
1002242648
953194119
811122205
983263339
819444676
408878542
232253792
823082505
997316335
993048267
815565736
966803228
873315864
820783965
844576142
932910055
798942422
644546404
867813799
22387272
648110935
991879874
971865067
557149199
593201042
1009709843
869788191
333576072
527161672
782575515
845330262
984738488
753044952
404332479
955531423
997155084
859970401
124148516
367348225
963822368
217857586
794067228
987106320
648830563
3441965
73854315
957898410
1015227336
1006116077
778067596
535532425
990261379
730775971
566514046
562742504
1000756317
978544813
150132386
917061108
826631165
188906617
1012982444
618925884
963202564
616689219
601805951
422448922
784080231
1023223023
1002054290
1015375486
1008122946
536229047
406181368
448237865
492230991
916543308
637266930
971699462
988235239
885731210
1014775245
956926750
1016901531
1014811917
938485495
1014376974
586318158
1023862865
1015549020
769316057
1013960809
998065367
716418795
888628687
904187789
332469888
715457055
1011132478
480299201
778856019
1017588279
170888056
837243810
1032438087
1029795815
311222659
1019280876
642246716
882154046
794818918
660654855
1013587662
1013760133
35203376
510175457
678171704
998170121
679196744
489451641
997800718
838758971
335740947
961471739
1004327748
787060144
1020457823
6000663
570885272
872973321
984591392
779930875
541386011
977736072
347553636
361243140
219850005
1016809010
1002991969
851988338
255395076
1015402075
946912362
149886659
994015242
841113260
352276434
1017637571
482919051
818103360
781666852
1010494889
849773376
984853057
230558579
745480842
503361306
740026989
338173548
986780409
637964076
845517750
759900589
768077051
1036710886
966616470
839314420
791293932
696310748
943919659
1042452568
446589659
1021861962
1037643413
783239901
988822665
230392561
416473259
617172666
851598585
872592200
624371707
1042693779
996339873
24707633
858030375
774570312
414114653
1036440461
857669458
360820559
51609308
993012338
355389039
886690123
889126737
942772995
948702540
478225562
784455425
1010763822
352084816
939480612
1000272605
351609313
945459285
995100138
335754327
713850869
1010337884
361535552
242979654
214469382
926307756
423898360
739575732
1036925115
88136492
1035922223
906367622
1013484069
394757829
880917722
490179263
467373428
941151500
251900037
1038588591
987929875
78664457
398063579
1025431805
956459996
857666000
1048080390
905707391
630759742
1030939673
886692378
467760803
1057593481
916424126
1030854210
986623604
1051194108
870351781
643829495
1040078688
1002989607
244786242
421233507
1029062608
854421940
458586690
796953999
1018060053
382317759
799565977
959545327
659607709
1053626631
455596702
493750115
483957353
885321525
1051561916
971251433
19418679
931257765
129559559
108392375
1032242039
911678411
1035730641
735729382
1052795483
1022231320
814243863
553939875
307346829
108894326
1011897838
335502626
1061444100
954878698
1015034829
1055832389
1042820291
970605629
255930838
1045009637
204556964
995828474
1067158590
418110219
809381738
882102499
778890236
463005845
820911373
1056549891
805944612
1068784896
808237794
1027170216
141781032
1021660318
1056303454
251156976
876718336
1052037417
1068425408
1063763640
606370635
1075166507
164160326
995304612
1059201648
1052341604
385152114
611999640
1065283239
685559951
1002180428
368297758
656996270
123351607
1084557340
1058543315
1063507897
408928994
428086895
194188177
1021827410
402506067
1019290397
1046950063
1085897678
370327105
1075909564
1072449212
644050861
927294775
466823923
153091693
1087124256
1025101358
1062023257
1066630967
921629257
745714569
461822110
915245
917422112
1026054951
404086013
511209618
1044982657
135763526
1085932033
1060853533
1088041862
972259138
477881237
885363918
755324312
943156301
575920685
1030226447
966833566
962212487
562372022
1042776317
1089578408
190332024
1025607366
1059423020
1057635314
426049605
1012666282
243826728
1012731977
280816639
360630097
314090166
1031382924
351938256
911498067
1057498710
1013260441
505942923
883123683
250250980
355017962
1072485472
465446080
1056111061
813606777
1073262898
1090429528
1067010636
778734584
619781424
1048223937
1066821153
1194976
1038220827
50541796
832471876
1036603308
893934075
1078025556
1031425217
1074648018
736160696
718665513
379577161
81835548
1038971797
891123130
1053245536
170449421
1040093982
1049677602
994673597
200174714
155002441
1033743453
1092753367
905646883
114910434
1013212664
486663088
837096843
386012329
1081393620
953970486
1080796581
627568520
967438242
965136909
1078969013
990592744
135904080
323493363
500707708
83156320
197069892
951338712
523272167
112077890
659080763
523258632
1048954947
536868723
418074505
712948065
619571158
1015753489
601593216
59126217
1108927789
211840012
1082580210
958885109
889137575
1031024617
964455093
1088409098
1049373828
1091211062
788395156
716316541
1104418010
948425571
414639866
463454395
942948832
738913350
910850946
1054477467
165885349
953170124
1054932789
211713255
1050980247
385401377
1098841689
847311225
844627220
1107349284
266106170
586721975
722723973
420309653
1094592543
278792219
904097494
588412952
1085001811
1107750109
779569938
1099010584
1072905420
700727381
811961484
835666230
495055322
336348172
1100419322
711049571
361439578
716540136
772475756
669826635
854098874
88529714
838200291
836227156
497181247
613823732
929408932
914020465
434773154
972053978
904743601
1098910460
1119407764
917050318
951056496
270527300
470064489
1122968704
1081550257
599708902
1116538248
944625352
1065959437
113870834
1019117877
945098736
1117259262
513460617
182741357
572453900
1099465737
1070373774
1094668333
1129347250
25696380
1101275296
136489028
862626345
1061288943
992153835
128947909
522461392
735150103
184505438
1133240233
209663118
685392274
1108408178
638961284
397757684
164550281
1119173380
1102727768
1015625495
506834324
931373814
734128683
850269903
1010994569
917051776
970570326
772530369
653613878
1091422216
736098699
1124100720
217891846
873524581
790643319
1106103273
568741816
1070947294
540245320
966776708
970777599
971862083
398165410
557554807
575849482
802656218
511717202
1127664281
8408904
1065197039
588441708
541749467
1022913550
963532881
1119783591
172543880
1137847303
422464921
800899646
1083589188
279266910
840187775
191002435
1142080483
214129782
1023276407
1086362960
1076395471
565880743
1087102508
965217385
940216647
1090688296
966261303
1078681126
4158767
1117217648
803024301
198812610
871173159
882260969
816331549
876143003
762743460
1148040116
1148643035
434016949
1119483547
125438670
1118456638
1113647941
932113950
606421411
1119110761
840650087
169663002
912936210
1118880428
1121699604
66166479
1119952468
693624855
611161594
314726837
549859112
910237296
1116312422
1097443507
488355515
1040663529
890285974
178266461
1101872800
630558386
713806732
368723197
265666700
941023527
1124806256
155465225
585441826
484707696
815909889
1071380460
884554703
478910200
1023598356
997702105
487860447
848457883
1152945840
1101732084
979636535
749122843
1125263382
1124374019
1109949790
1125441465
410165875
1148572015
1156149815
1092505385
880322261
1163035869
671078731
578117986
1098568109
1135192349
1146848583
811758514
957322440
443771946
104407359
1157577473
363147517
1156769453
978013857
1065735137
1151908915
1134212942
1109658946
32855308
1018218932
696063847
1160119091
351509140
950183970
195764056
354476778
1148217988
716694672
280264556
498127601
647243968
982701342
1163388796
1136193951
41406861
426955526
1136291138
450576964
87981859
833808830
1106103326
1140203282
857968515
1172010120
442094885
55406027
1138553328
1111412081
626481672
469355916
241469920
1154026459
1113491646
1093040785
114811979
889938177
295107093
553308040
1084143336
1046062147
1116151852
458631787
1119646534
1145404257
549551536
689312596
499509215
343447937
1126898442
973571761
1147195876
550004701
460959486
119875471
1021594481
1157640095
243492677
1106697012
686753259
1115034049
946778723
1005761701
514495664
583414775
1138907212
171602056
1140298613
1123059433
913846250
1099640823
1154578266
990839535
1131039474
603179746
689830654
528447917
710458645
1179669742
1137703195
24605827
1006255671
1010425689
1177729215
839938014
1180326729
899502559
599812529
1149016963
27268162
1004790042
1141315663
1000437666
710737207
710707910
80422658
205301719
1189910190
743638711
777551303
1129683022
1174202630
689294549
1130636289
1160659948
1002528805
1192417974
494653484
339347888
392663015
1174206645
867059482
1131153130
1173138040
1038336955
393818861
897640229
1161977841
1184441365
977234245
1176200140
1100408518
954858678
1137863904
588738564
850987880
344281997
494231121
904603414
645297428
23939772
708932138
1097279389
512659450
375736999
1185454254
409148372
1175768868
1178262874
267769476
1019994966
1083700073
639244241
1154110592
1187292159
807769354
979159504
1192930665
1203660180
1190255808
624660396
536758956
1026881953
809652103
1202922821
909809234
1078864921
913285056
1207234436
602868515
382136765
1113781108
27554196
1137371835
539835053
1047762098
1196263386
168450021
1184182176
1148940522
979014951
890863614
765086683
1066186052
388064919
556761758
1114192916
768810911
1142589964
1209433225
987522569
956755861
1188711738
1180606882
264451035
1046377069
1118094873
1137260513
299020140
1126174853
420379657
1040977751
1203350569
640694218
924196323
1193704598
783873038
151168084
87866340
928511104
313656346
164537750
1203120222
1198571942
1078305730
1203634238
493206338
654952974
326758477
550291133
1136278098
307609720
1202357735
886504907
1200859373
336144985
1157173480
1195492497
581858906
661158379
1048054814
1148676390
378104706
1218202073
973872493
941795237
527902985
219358448
796749561
1212303646
1164910027
1192616406
1210212961
982777259
947594397
1179033545
760704825
938712129
1193342704
1204512188
1096563156
1158687816
1097174
766187589
994867954
1209787263
1181100031
886473643
1184463773
843895015
1076336393
1219749376
655525148
1216575451
1218197343
632618084
679513739
531633794
1156493297
453150388
1217345180
1198339538
989510847
558063726
752939255
493096848
768196382
1032129074
1232359160
1062273096
1221874896
1163612796
15315526
954600324
663122390
1226682097
1204771589
1230655079
1172672807
875400131
1196984873
936729101
1161159703
66651568
1043949802
789119548
597180242
1187707986
876334923
800879974
389013170
802047497
884385071
788408841
469350824
754727129
208279774
1017905721
949674149
115199792
680712152
526489988
1140706855
322767034
377293428
1228917295
51601735
1145247334
210741144
952616840
703412403
164543414
869636454
594160061
1197795011
1061990445
890684794
1235434366
682978842
1077531052
772831546
975886351
144362161
1212761520
725915551
1146049481
1212792519
500929152
1047619460
1211866680
787043606
450823711
267327620
356332509
1178006709
1040045297
882867848
535933233
344746332
1063690479
754718247
267245354
1110848913
1152654869
1108180062
51888377
1210784645
1177897344
1170861197
1210679810
1207644704
1238258270
829846990
987277260
453492061
1240983653
1196120255
640979104
249514376
1211324216
1023893408
230099994
963831915
529163018
1175802040
1227939365
848513818
258738572
4675259
1097929952
946133496
895454999
532330623
1049773183
33998294
431823134
754675042
799609093
1086872213
1189105529
1157203251
255192919
1107103749
1182775237
187914778
1117808452
1192939419
1114790502
1156725215
960387119
590568867
1062769560
569245306
961359416
1247847294
158298934
1247847294
178888293
477493586
1125927328
1142101667
218327730
164681853
1242219045
1222044407
383058148
1250944787
878173564
1243570622
1234582534
1092241500
694964192
272946977
968040627
296351880
475291097
296512516
1044009407
1087575105
1240225878
180918186
921645253
1244723546
1184717711
1187099398
605281600
933953837
1252519718
1220382595
897743114
1045038703
1017396331
999740615
72332190
1017014679
230195047
1249680868
139065917
1128134493
1257142539
248581762
183762537
792101548
1254239618
1237808227
1072159775
1048013361
921138598
708496493
842369005
898823028
977150584
1262822372
560450987
1254522299
962333093
981557026
235943179
1216392408
63330841
1004875107
1259948385
1222992474
1222203476
689559050
884129117
902417710
1152226394
828397637
1054655472
558530471
1277377589
991316730
1048180089
145708157
1207172317
457625973
1251925993
341118422
1272333377
1257679607
1135126835
1037911763
1265829153
1243178617
52306877
266608028
1205424638
1078078312
1229407283
965077422
698295781
922587198
217307850
975848599
679010932
1110116133
639866849
523519852
861452103
1264186609
1271986128
511155521
1180601291
1239541014
1160571487
845338694
586388802
1024181074
1051514589
913678386
587152566
1065707407
701496367
955094184
566087034
1245413308
1251731689
1264201117
212470126
1070489859
1088295013
947527364
476280655
182042606
630974732
884015570
198943326
1283650388
1290827535
163164872
1288712667
1150813318
891412615
1168445718
361427219
567994547
990027355
1284316637
500539621
1024753607
214002968
1063092560
1294985555
1284519714
1187213959
1294377456
1076508898
1270806630
1284433660
508835710
1117224591
933534836
353006492
870918970
61708316
1119978670
1292273266
203596587
438049901
1271161730
1264696684
360448227
909188989
624753211
1005578220
790996344
968051154
1294357324
788511315
779657085
1280358986
875832759
1200147841
583822573
292866759
754756619
966739419
245798713
978666485
1011459081
1192434778
56825573
1280474089
591588772
1096484188
1230391070
1232272331
912542233
1229436869
1093273159
16743005
636085116
916101935
1073856383
1306534610
681824677
1249523359
344213840
845885126
1250129315
1245939909
1092197201
571103003
1279774229
650060626
596781659
624602526
1288600405
1296838200
1133314098
173854976
1007062249
1061333671
1034696939
319336510
23198159
529217602
1275833801
1303027276
1174099278
943319559
1095338139
830585217
1290341607
1304258813
931515223
226417945
1175371935
1247465969
625427814
1284607459
225760214
682072498
669583037
183173321
131629160
1231079279
934202102
148973416
1113245020
1327688994
1306939118
233985659
783902776
61449733
551436494
710206281
1315865763
998004956
1272987860
1322827808
442616934
1291179574
839037155
1309391015
1285470495
1258863537
1276437418
571193247
332544651
936753387
1113313781
301816792
994567954
941526609
1271036551
606531357
143611400
1049639179
287547098
1332248350
1317923403
1259199497
1304745351
1270685445
1266434446
1326631016
1295235055
1100651197
1009026867
1132581690
318930679
951018170
1189510010
1279470035
1324202412
608816376
1219881662
1294355488
1314138881
1277284120
1033908627
145699024
336598112
1096978098
786614795
628341690
876660391
608902580
886698234
915376717
996958841
1296233378
43707786
1335231261
892214633
433591965
384680787
1253613751
1320481166
1335686300
1011512726
1181361695
454534989
264985805
628957949
797983610
433247762
1252383911
1318677204
771631629
259181249
247070006
808514742
1309541794
172435240
430171331
206806298
1308149245
283103212
366109641
1346677404
433717511
884326617
1258177583
1037094788
823662151
810603821
1218273960
1336901171
1108591463
702027350
1336943132
1151334814
801143490
1254223916
513671688
1065511001
1250351611
614449891
226388777
405180977
1308506947
1342705077
1318519110
1346890065
1320485825
1296463702
313071865
383618579
1222536054
311814447
1203506651
1337422914
1339302824
1275367310
214715609
436575539
838116418
507210023
1010674312
1109647326
692348294
1322618806
907270103
26369711
1217713441
1336394708
197519200
563109605
1115723394
1222708823
56502199
536655175
1303113530
751055564
1289902619
1260813446
473561019
1358305827
1034775139
1119563447
1317301028
295894801
94156505
781683971
1349661495
615539379
1354094773
1032644086
1113839083
786581698
880063585
1351156991
1338561105
644482207
537271296
341532635
150609659
720496884
610777308
898703369
520204452
148302436
136342174
1154169823
633128354
1350971617
819101270
1120956022
1121572274
1355035841
198526979
1324277783
1361320445
1344172420
110867144
388118131
1166729464
598494044
323771634
836535670
762263870
1202448678
1358861587
305047638
1300206945
972602562
838268978
801822824
976210361
1360024290
1365772954
40893490
1293922105
409955447
1303741861
1310726177
1302416018
1303535077
48582438
1337145067
1195749674
1148691863
492730633
332663407
699117991
384950750
1376523775
341319552
1356743869
538418390
1270069493
1343693906
1198155094
1309189419
334479189
1275796568
1351682064
597675974
1354650368
8942863
451840097
1357133066
1063023743
243820743
691824353
1118777178
1367248062
1359369912
1341223924
1331650937
1072697490
988923083
1203507070
1385313725
1187717060
935408437
849744889
411153271
1318976858
747782776
346315851
952494936
1112398908
1391366053
1207313242
1226811961
1152442737
618422702
46059780
802851929
596650839
1374677071
907886043
1197643553
1014690814
1279027330
1262453902
1028080003
1402849923
1396506099
1214990997
1029709111
1380254208
1049046465
850481188
1384676569
215731021
1048844588
461167506
1409595106
635449453
1207731290
1379431617
1371326614
1373253088
1386771705
1118715571
1183229315
1354092124
512314605
1207199692
590639558
120134536
1150676265
755237807
890567344
1339551285
760882563
1010736296
1351793689
908447564
1365408384
376033955
1187950381
1141611209
1152875019
1170303766
1154280011
1357975349
1417892150
608782498
809933553
1092653487
1145730296
609806146
1403684477
1035796963
1394790581
1413286195
178620175
1078954170
1326523567
1220488978
1400542238
1357980920
1409409265
1145139831
1186937568
1381243154
1153792115
1335772735
1355163965
1136803803
53474507
536910705
246272554
781079604
593009669
515767508
912051251
1302194167
1390329742
1419822340
1397426779
1297443630
47255256
1234238768
870933262
510531515
1368782407
1411418237
1412780147
1380805173
1272650904
90979050
1402683805
164085463
1265708094
1379556579
1216221798
358916799
1169425952
1231930680
387198199
491631518
931511819
1425590059
737577403
1344482176
1400559210
385632987
581476857
1152570404
692909583
1271234871
1077737988
1317851784
1077737250
1393119281
1433941673
626334674
1398653744
1416115375
889294857
614771748
415722220
383016198
774022699
1055530057
982459939
1298506484
1169274044
1433421687
881185280
1253034925
973772094
701962528
51141
214730980
1359884370
1100891245
362798028
1398432613
1260483514
1250180870
1080018170
144619715
1398496985
782783983
1359139683
858297783
1357753522
1387245707
1409099749
556607970
215215100
133526259
1219273703
1161331450
572015207
1311282784
292729696
245958838
1209175813
891839707
1426955479
1350735069
701124034
1420200294
1162360060
753759502
1395069106
1348168529
1397268594
193366810
1284041217
1407718789
895473200
1429256090
1026559405
20488530
1184798119
1151964704
1384908913
67449454
1417626867
1366482673
370653354
975518296
98344679
1396883242
1432028635
707694700
1077629846
563356250
944730187
951477987
1232857456
774071622
107596103
884521305
256142698
952824948
1437387173
1093861762
1384577580
1112494651
741670771
47486651
563595809
1203597162
965592246
290391968
1106076799
673622132
1151482569
1414256758
1154679293
610520911
1221711195
1363207273
1103875320
372213244
70766440
949530530
54694587
272676210
243722301
1188197949
1364796340
1371126821
961670533
1417579103
1365595438
283050872
436014498
249005007
1113139649
1305923482
1376518924
1376937212
1342857939
1398791090
1183718837
1319087268
1406791706
1118112296
965773950
1344595642
1450411564
629381051
530239839
1115350083
1394711186
1304917069
43847109
1405688490
528631325
1188103648
1093576075
1467463673
440361582
1458407812
530930615
647651414
644709117
1426422743
961230588
1373991779
442346885
1174288792
855278999
1380147985
337090163
596838886
1404362439
1076778778
1404370747
1378979151
1409946649
878576061
1190499077
646796383
597987676
1071051177
1013998737
512714731
1458465816
600156101
1433535446
274699417
1357022340
1309572761
216741335
1469365284
786935700
1443441642
1221432836
1447184182
751507085
1129363480
1121816481
1185206436
275008858
1120329226
662840367
1304314751
916302793
96522803
1339994884
1447245340
1424265578
1049455111
1412673422
632337975
1160770570
890447411
1474124099
349914956
623303025
1353399905
1452811396
123053240
1405050411
1219585843
735306306
1478785650
1476317963
896595989
1456816872
675672313
717630826
795276855
1439477536
1246011397
1048094121
982061674
1058621033
1127441678
1410691280
1417443209
1373623656
49646627
1356766507
886251718
1215597974
1468115446
1247272437
1199388809
202103123
1468654630
1478655931
431301704
1436197082
1458358260
1327490678
591320756
1464816623
1211207724
1240044039
1394519502
1448617655
1467768777
1233928137
623897815
683215511
1490064857
1394695814
847394802
676414488
41756997
401078922
262048525
798815018
1377768905
454357984
510232280
39034153
1277026702
218831417
1273378106
1088214094
644670876
1423144777
1125404122
1470366440
1372597990
1454591906
1399236504
244715981
1461423334
1246731494
684819535
765430272
1408403015
282018242
1467464825
1490171420
70017988
1462234010
11510149
1455985249
350842861
1407833833
1467866769
864756647
1423535865
1401475068
1167537034
1273082963
1466726177
803396926
747289074
1483704956
973865358
1486792422
154448499
1485755138
171849267
1472469674
151015575
1114891398
719560200
959567149
1446892656
539313613
1206008536
1452555172
900874541
1218165464
1173538621
594153600
1459534087
1468998881
1213668127
661702513
525276698
115470550
1479913953
1289517847
1288852389
1126156019
788836146
497491369
1226052400
1385856168
1437807581
1430872301
1490847286
1441590291
831205512
708798481
1219631824
1436316568
989769459
962005416
1494138779
914795069
905770138
1491593270
1429829939
431873352
1191974192
1471346447
1315004116
1159489249
1459914912
923409273
1510460167
515770521
1220570735
605104097
704799190
1481173559
1504795967
460601640
1456262897
1130735412
1484545677
1080639554
1264548863
1018560370
1461067455
46096542
1465501515
1347799366
1436598401
1389940906
1490759173
622884637
1235368583
946687142
1421197893
1065907470
1134903203
1134882272
1150696382
1228994501
637810147
1471494880
1389239463
1341331270
794841773
1394226069
1296821499
1259534803
1513709652
55976098
530509917
818199983
1508055441
650375176
327710403
1493806291
219836323
1085265944
1464324185
572948053
1503270552
1504184432
748355797
1427308829
1447154293
925164134
195157211
333368591
556876583
1411752985
1300748945
1168251997
1494077373
151400729
922679991
619429364
1449846298
325251263
1451313935
1155217610
984979413
993446586
83730794
926183128
904195851
1399267458
1382979672
1118870982
1509539601
1410952411
589076876
1423454027
1453341238
52770989
1495779640
7160
1012659425
1518561416
1287239183
1353917294
1433380743
590394446
1304054754
1497464557
1370567742
1041717886
163421272
1436093202
402404483
1277676953
1413634809
433867797
1527963894
1509249710
1505886269
620052842
373381611
462020646
1504771884
1409796723
189615612
1341605006
1467543309
1232317432
676409340
1319399250
1052063507
1498533687
399758782
1470411256
1179085640
1473227912
1121285375
28915406
1518399738
913268128
1379316115
1519202495
1522180344
1446575381
1509973694
538401723
434213673
1537874995
1242199598
912288030
982188621
1542767439
1530615396
1148266726
1054508605
71792455
774574042
1521647667
170270332
337762586
657056732
1529602001
1110630344
1324717867
780704956
1492638285
881597661
871402065
177155813
459829926
1515037061
1221354454
1542946473
981365577
1296402247
1025249341
977391969
26195276
1484811104
1447609491
1239337396
865987591
1178277675
297532951
1211174106
80903827
587632726
1476428872
1508245751
108625004
1189365848
1017933374
1548935898
1418121694
931392148
1386831483
1457213718
1550679808
1544459564
905794798
1236138612
604094569
1309008784
1433894084
844097664
1498765532
549914982
628453593
1541818114
194057748
717890910
1164900311
1458472325
1539845895
236854722
1195241786
840816967
1489018920
714958670
1326664280
1113213200
1431320899
1464202676
142624582
1149213199
1363346473
1115040679
667034355
1563809457
395531917
1555358430
200211631
1423718982
1432511528
1382140310
1339478061
1534458500
1372046106
1543499476
1427525556
1248538356
1392940733
1310324339
1495149909
1074722345
1540651002
835270405
1505360174
1374871653
460866483
1146736658
1555230742
1567298032
1207006141
1272904317
164306586
600385132
744947149
1343873017
472066319
892317063
32529340
982047833
1427065110
1181517358
1495899496
1554195855
1547364613
646241899
1333881110
1471542105
1487570358
1554203859
1379015700
1266232646
1472081104
777878870
1011469909
1096246171
1258362017
1288459297
1399694379
199874001
1525446268
80903827
1500960623
681186903
547598258
584857633
1426856950
1204173769
1523753424
1290869609
749905562
295553477
1560108471
1569236435
1435868041
881551063
1509800545
1059471945
1319767816
512574481
838492575
1008337404
1323856885
1556964201
1468896974
1315416478
180623852
553231264
1568895268
844715320
1528235390
533473107
884578578
927543609
1515795379
1523408645
1000563270
449352167
713298707
1480950632
1403588412
1193741664
1576150261
730922892
699894216
1551944262
221538816
1558112578
1311519154
1176154790
781996025
486510375
1564508823
332752947
1450272543
369594148
789030028
1553011793
1554347748
1209300755
208831619
1218161692
1563650990
1554746416
1273232604
924942161
1546917328
1217615572
1584662236
1554977454
1059639964
619382177
1564615456
1059264442
1247349180
1204625322
701905214
1535670797
1290149466
1481187076
1564066658
1581872624
1483254500
836898155
931176676
814220310
755389069
863828690
988161449
778863326
127366389
594437037
1221296685
929676334
72286049
456275076
657772471
1559860192
12636460
1216530196
1366481168
1009997888
1454612850
1292926780
1559649008
1590611240
1237068232
992038047
721341024
1573855268
527477526
1450168618
1571710073
158417610
1130256649
1596165276
682680509
1530886790
825670309
1578855219
1205433733
270825954
1497818203
1372313060
131344410
1520530961
1512530867
1160880985
998268433
1296358101
468131728
1397195346
1208080452
731872437
26257316
1327668135
1508879097
1352256763
745722140
1570109465
292
1592732500
1508555531
1305019840
642377375
271599194
783675137
1008964153
1422845332
981831712
1172531348
798597608
521810903
175705648
1570151205
1329372100
1230534350
1115122367
1452129678
1560044619
322806365
1584973639
1299055438
155949828
165362202
1296390454
1116471604
1425003276
1319083534
838808505
119227995
1577992334
711515498
841229139
1053014106
1585216922
1458062175
1535014955
879358517
1286901905
1012943324
1311071059
1182185222
1508287010
636640294
1021979641
1610005317
1399869254
963033234
114648016
1560268375
187894257
1132172920
1538243731
529490800
700633614
1583916721
1316729390
1431394830
731450533
1515557585
201567274
1136621477
1124606694
1239328495
1302969556
1363269326
1184432525
794459018
1207893858
578985444
1522534333
